1,271,0,0$0,0,0,0,0,0,0,0,0,0$3,0.60687196,0.11774482,1,0,0,0,0,0,0,1,0,0,0.58451194,0.229973,1,0,0,0,0,0,0,0,0,0,0.60128206,0.339168,1,0,0,0,0,0,0,0,0,0,0,0,0,0,0$0,0,0,0
2,2594,0,0$1,0,0,0,0,0,0,0,0,0$2,0.28824046,0.5120601,1,1,1,1,0,0,0,0,0,0,0.28637713,0.57575715,1,1,1,1,0,0,0,0,0,0,0,0,0,0,0$0,0,0,0
3,4498,0,0$0,0,0,0,0,0,0,0,0,0$3,0.2956938,0.48476133,1,0,0,0,0,0,1,1,1,0,0.5882386,0.53935885,1,0,0,0,0,0,0,0,0,0,0.5565618,0.47262856,1,0,0,0,0,0,0,0,0,0,0,1,1,0,0$0,0,0,0
4,5572,0,0$0,0,0,0,0,0,0,0,0,0$3,0.2733337,0.50599366,1,1,0,0,0,0,0,0,0,0,0.5807853,0.10561204,1,0,0,0,0,0,0,0,0,0,0.5602885,0.17840873,1,0,0,0,0,0,0,0,0,0,0,5,0,0,0$0,0,0,0
5,2457,0,0$1,0,0,0,0,0,0,0,0,1$2,0.6087354,0.46656218,1,1,1,1,1,1,1,6,0,0,0.31060058,0.5150933,1,1,1,1,1,0,1,5,0,0,0,11,0,0,0$0,0,0,0
6,2046,0,0$0,0,0,0,0,0,0,0,0,0$1,0.65904564,0.5332925,1,1,1,1,0,0,1,4,0,1,0,0,0,0,0$0,0,0,0
7,1622,0,0$1,0,0,0,0,0,0,0,0,1$1,0.32178065,0.5211597,1,1,1,1,1,0,1,5,1,0,0,5,1,0,0$0,0,0,0
8,3193,0,0$1,0,0,0,0,0,0,0,1,0$2,0.6329588,0.5181265,1,0,0,0,0,0,0,0,0,0,0.62550545,0.42713067,1,1,0,0,0,0,0,0,0,0,0,0,0,0,0$0,0,0,0
9,702,0,1$1,0,0,0,0,0,0,0,0,0$2,0.67767906,0.6849522,0,0,0,0,0,0,0,0,0,0,0.32178065,0.48779455,1,1,0,0,0,0,0,0,0,0,0,3,0,0,0$0,0,0,0
10,1319,0,0$1,0,0,0,0,0,0,0,0,1$2,0.60128206,0.32400206,1,0,0,0,0,0,0,0,0,0,0.6105987,0.24210578,1,0,0,0,0,0,0,0,0,0,0,4,1,0,0$0,0,0,0
11,3008,0,0$1,0,0,0,0,0,0,0,1,0$4,0.48948145,0.53025925,0,0,1,0,0,0,0,0,0,0,0.6422756,0.53632563,1,0,0,0,0,0,0,0,0,0,0.32364398,0.5454253,1,1,0,0,0,0,0,0,0,0,0.6515922,0.4028651,1,1,0,0,0,0,0,0,0,0,0,4,0,0,0$0,0,0,0
12,4450,0,0$0,0,0,0,0,0,0,0,0,0$3,0.62923217,0.28153732,1,1,1,1,1,0,1,5,1,0,0.62736875,0.4180311,1,1,1,1,1,0,1,5,1,0,0.6329588,0.5545248,1,1,1,0,0,0,0,0,0,0,0,13,2,0,0$0,0,0,0
13,5585,0,0$0,0,0,0,0,0,0,0,0,0$2,0.5006615,0.58485675,0,1,0,0,0,0,0,0,0,0,0.6515922,0.53025925,1,0,0,0,0,0,0,0,0,0,1,0.97208714,0.5241929,0,1,1,1,0,0,0,0,0,1,0$0,0,0,0
14,1156,0,0$1,0,1,1,0,0,0,0,1,0$1,0.6348222,0.5514916,1,1,1,0,0,0,1,3,1,0,0,1,0,2,0$0,0,0,0
15,1086,0,0$1,0,0,0,0,0,0,0,1,0$2,0.3385507,0.71225095,1,1,1,1,1,0,0,0,0,0,0.3571841,0.62428826,1,1,1,1,1,0,0,0,0,1,0,0,0,10,0$0,0,0,0
16,3959,0,0$1,0,0,0,0,0,0,0,0,0$2,0.33109733,0.5454253,1,1,1,0,0,0,0,3,0,0,0.34414074,0.46049577,1,1,0,0,0,0,0,0,0,0,0,0,0,6,0$0,0,0,0
17,1506,0,0$0,0,0,0,0,0,0,0,0,0$1,0.3571841,0.58485675,1,1,1,1,0,0,0,0,0,0,1,0.9814039,0.5211597,1,1,1,0,0,0,0,4,0,0,0$0,0,0,0
18,4061,0,0$1,0,0,0,0,0,0,0,0,0$2,0.6441389,0.11167843,1,1,1,1,1,1,1,6,1,0,0.32178065,0.5120601,1,1,1,1,1,0,1,5,0,0,0,11,0,0,0$0,0,0,0
19,4073,0,0$1,0,0,0,0,0,0,0,1,0$2,0.6385489,0.5090269,1,1,0,0,0,0,0,0,0,0,0.6310954,0.34523442,1,1,0,0,0,0,0,0,0,0,0,0,0,4,0$0,0,0,0
20,5603,0,0$1,0,0,1,0,0,0,0,1,0$3,0.6534556,0.4028651,1,1,1,0,0,0,1,3,0,0,0.64041215,0.5818236,1,0,0,0,0,0,1,1,0,0,0.3571841,0.6424875,1,0,0,0,0,0,0,0,0,0,0,0,0,5,0$0,0,0,0
21,369,0,0$1,0,1,0,0,0,0,0,1,0$3,0.6087354,0.11774482,1,0,0,0,0,0,0,0,0,0,0.595692,0.28153732,1,0,0,0,0,0,0,0,0,0,0.5882386,0.48779455,1,0,0,0,0,0,0,0,0,0,0,4,0,0,0$0,0,0,0
22,702,0,0$0,0,0,0,0,0,0,0,0,0$1,0.30128387,0.5545248,1,1,0,0,0,0,0,0,0,0,0,5,0,0,0$0,0,0,0
23,2994,0,0$1,0,0,0,0,0,0,0,1,0$2,0.64041215,0.084379666,1,1,1,1,1,0,1,5,1,0,0.30873722,0.5120601,1,0,0,0,0,0,0,0,0,0,0,6,1,0,0$0,0,0,0
24,1318,0,0$1,0,0,0,0,0,0,0,1,1$1,0.6161887,0.3573672,1,1,1,1,1,1,1,6,0,0,0,0,0,0,0$0,0,0,0
25,3193,0,0$1,0,0,0,0,0,0,0,1,1$1,0.28637713,0.6424875,1,1,1,0,0,0,0,0,0,0,0,0,0,0,0$0,0,0,0
26,4498,0,0$0,0,0,0,0,0,0,0,0,0$2,0.34041408,0.93367416,1,1,1,1,0,0,0,0,0,0,0.29942054,0.82144594,1,1,0,0,0,0,0,0,0,0,0,6,0,0,0$0,0,0,0
27,4073,0,0$1,1,0,0,0,0,0,0,1,0$0,1,0.9310936,0.5029605,1,1,0,0,0,0,0,0,0,0,0$0,0,0,0
28,4061,0,0$1,0,0,0,0,0,0,0,0,1$1,0.62736875,0.060114108,1,1,1,1,1,1,1,6,1,0,0,7,1,0,0$0,0,0,0
29,4613,0,0$1,0,0,0,0,0,0,0,0,1$2,0.6161887,0.096512444,1,1,1,1,1,1,1,6,0,0,0.59755534,0.21177386,1,1,1,1,1,1,0,0,0,0,0,15,1,0,0$0,0,0,0
30,1816,0,0$1,0,0,0,0,0,0,0,1,1$2,0.6497289,0.0783133,1,1,1,1,0,0,0,4,0,0,0.64600223,0.19054146,1,1,1,1,0,0,0,0,0,0,0,0,0,0,0$0,0,0,0
31,2594,0,0$1,0,0,0,0,0,0,0,1,0$4,0.28824046,0.5909232,1,1,1,1,0,0,0,0,0,0,0.27519703,0.7001181,1,1,1,1,0,0,0,0,0,0,0.29755715,0.49082774,1,0,0,0,0,0,0,0,0,0,0.3124639,0.4180311,1,0,0,0,0,0,0,0,0,0,0,0,0,10,0$0,0,0,0
32,3193,0,0$1,0,0,0,0,0,0,0,1,0$2,0.6310954,0.47869498,1,1,1,1,0,0,0,4,0,0,0.61246204,0.3482676,0,0,0,0,0,0,1,2,0,0,0,0,0,4,0$0,0,0,0
33,1114,0,0$1,3,0,0,0,1,1,1,1,0$2,0.6310954,0.12987761,1,1,1,1,1,1,1,6,1,0,0.62550545,0.28153732,1,1,1,0,0,0,0,0,0,1,1,0.9460004,0.5120601,1,1,1,0,0,0,0,2,2,10,0$0,0,0,0
34,379,0,0$1,0,0,0,0,0,0,0,1,0$2,0.6422756,0.07528009,1,1,1,1,1,1,1,6,1,0,0.64041215,0.23300621,1,1,1,1,1,1,1,6,1,0,0,12,2,0,0$0,0,0,0
35,120,0,0$1,0,0,0,0,0,0,0,1,0$2,0.6236421,0.06618052,1,1,1,1,1,0,1,5,1,0,0.33109733,0.46049577,0,0,0,1,1,1,1,6,1,0,0,5,2,0,0$0,0,0,0
36,230,0,0$0,0,0,0,0,0,0,0,0,0$2,0.6422756,0.52722603,1,1,1,1,0,0,1,4,0,0,0.6105987,0.25120538,1,1,1,1,1,1,1,6,0,0,0,0,0,10,0$0,0,0,0
37,4080,0,0$1,0,0,0,0,0,0,0,1,0$0,0,0,0,0,0$0,0,0,0
38,1319,0,0$0,0,0,0,0,0,0,0,0,0$1,0.6217788,0.13594398,1,1,1,1,1,0,1,5,0,0,0,5,0,0,0$0,0,0,0
39,1816,0,0$1,0,2,2,0,0,0,0,1,0$2,0.61432546,0.5150933,1,0,0,0,0,0,0,1,0,0,0.6087354,0.41499788,1,0,0,0,0,0,0,1,0,0,0,2,0,2,0$0,0,0,0
40,2557,0,0$1,0,0,0,0,0,0,0,1,0$0,0,4,0,1,0$1,0,0,0
41,1318,0,0$1,0,0,0,0,0,0,0,1,0$3,0.31060058,0.8123464,1,1,1,1,1,1,1,6,0,0,0.2677437,0.6697863,1,1,0,0,0,0,0,2,0,0,0.5938287,0.5211597,1,0,0,0,0,0,0,1,0,0,0,0,0,9,0$0,0,0,0
42,2457,0,0$0,0,0,0,0,0,0,0,0,0$2,0.6422756,0.4180311,1,1,1,1,1,1,1,6,0,0,0.30873722,0.5150933,1,1,0,0,0,0,0,2,0,0,0,8,0,0,0$0,0,0,0
43,123,0,0$1,0,1,0,0,0,0,0,1,0$2,0.30314723,0.5818236,1,1,1,1,1,0,1,5,1,0,0.595692,0.42409745,1,0,0,0,0,0,0,1,0,0,0,7,0,0,0$0,0,0,0
44,649,0,0$1,0,0,0,0,0,0,0,1,0$3,0.30314723,0.775948,1,1,1,1,0,0,0,4,0,0,0.6385489,0.50599366,1,1,1,1,0,0,0,4,0,0,0.6050087,0.11167843,1,0,0,0,0,0,0,1,0,0,0,0,0,9,0$0,0,0,0
45,3974,0,0$1,0,0,1,0,0,0,0,1,0$1,0.6348222,0.45746258,0,0,0,0,0,0,1,4,1,0,1,0.93482023,0.5090269,1,0,0,0,0,0,0,0,0,0,0$0,0,0,0
46,1086,0,0$1,0,0,0,0,0,0,0,1,0$3,0.30873722,0.8517779,1,1,1,1,0,0,0,4,0,0,0.3068739,0.9397405,1,1,1,1,0,0,0,4,0,0,0.29942054,0.7638153,1,1,1,1,0,0,0,4,0,0,0,0,0,14,0$0,0,0,0
47,3452,0,0$0,0,0,0,0,0,0,0,0,0$2,0.61432546,0.4999273,1,1,1,1,0,0,0,4,0,0,0.60687196,0.4210643,1,1,1,1,0,0,1,4,1,0,1,0.97767717,0.5211597,0,0,0,1,0,0,0,0,0,8,0$0,0,0,0
48,3008,0,0$0,0,0,0,0,0,0,0,0,0$2,0.6161887,0.2481722,1,1,1,0,0,0,0,0,0,0,0.32178065,0.4999273,1,1,1,0,0,0,0,0,0,0,0,3,0,0,0$0,0,0,0
49,1622,0,0$0,0,0,0,0,0,0,0,0,0$1,0.31432724,0.48172814,1,1,1,0,0,0,0,0,0,0,0,3,0,0,0$0,0,0,0
50,5585,0,0$0,0,0,0,0,0,0,0,0,0$1,0.31432724,0.42713067,1,0,0,0,0,0,0,0,0,0,0,0,0,0,0$0,0,0,0
51,339,0,0$1,1,0,0,0,1,0,0,1,0$1,0.6329588,0.19660787,1,1,1,1,0,0,1,4,0,0,0,4,0,0,0$0,0,0,0
52,4048,0,0$1,0,0,0,0,1,0,0,1,0$2,0.6161887,0.23907258,1,1,1,0,0,0,0,0,0,0,0.31619057,0.5029605,1,1,1,1,0,0,0,0,0,0,0,7,0,0,0$0,0,0,0
53,5654,0,0$1,0,0,0,0,0,0,0,0,0$3,0.019919153,0.002483426,0,0,0,0,0,0,0,0,0,0,0.6161887,0.11167843,1,1,1,0,0,0,0,3,0,0,0.6105987,0.229973,1,1,0,0,0,0,0,0,0,0,0,5,0,0,0$0,0,0,0
54,2994,0,0$0,0,0,0,0,0,0,0,0,0$1,0.35532078,0.463529,1,1,1,0,0,0,0,0,0,0,1,0.9460004,0.5029605,1,1,0,0,0,0,0,5,0,0,0$0,0,0,0
55,230,0,0$0,0,0,0,0,0,0,0,0,0$1,0.62550545,0.4210643,0,0,0,0,0,0,1,3,0,0,1,0.9180503,0.5090269,0,1,1,1,0,0,0,0,0,7,0$0,0,0,0
56,4613,0,0$1,0,0,0,0,0,0,0,1,0$0,1,0.9460004,0.5332925,1,1,0,0,0,0,0,0,0,0,0$0,0,0,0
57,2457,0,0$1,0,0,0,0,0,0,0,0,0$2,0.64041215,0.09347926,1,1,1,1,0,0,1,4,0,0,0.4969348,0.26940453,1,1,0,0,0,0,1,2,0,0,0,10,0,0,0$1,0,0,0
58,5603,0,0$1,0,0,0,0,0,0,0,1,0$1,0.32178065,0.5211597,1,1,1,0,0,0,0,0,0,0,1,0.93482023,0.5211597,1,1,1,0,0,0,0,0,0,3,0$0,0,0,0
59,4355,0,0$1,0,0,0,0,0,0,0,1,0$2,0.6199154,0.23907258,1,1,1,1,0,0,0,0,0,0,0.59941864,0.0783133,1,1,1,0,0,0,0,0,0,0,1,0.9869939,0.21177386,0,0,0,0,0,0,0,9,0,0,0$0,0,0,0
60,3959,0,0$1,1,0,0,0,0,0,0,1,0$1,0.6087354,0.34523442,1,1,1,1,1,0,1,5,0,0,1,0.89010006,0.011582998,0,0,0,0,0,0,0,0,0,5,0$0,0,0,0
61,4595,0,0$0,0,0,0,0,0,0,0,0,0$1,0.61246204,0.5211597,1,0,0,0,0,0,0,0,0,0,0,0,0,3,0$0,0,0,0
62,4080,0,1$0,0,0,0,0,0,0,0,0,0$0,0,0,0,0,0$0,0,0,0
63,120,0,0$0,0,0,0,0,0,0,0,0,0$2,0.61432546,0.1875083,1,1,1,1,1,0,1,5,1,0,0.30873722,0.5423921,0,0,0,1,1,1,1,6,1,0,0,8,2,0,0$0,0,0,0
64,88,0,0$1,0,0,0,0,0,0,0,0,1$2,0.6180521,0.49689412,1,1,0,0,0,0,1,2,1,0,0.29383048,0.6424875,0,0,0,0,0,0,1,4,0,0,1,0.90314347,0.5181265,1,1,0,0,0,0,0,0,1,0,0$0,0,0,0
65,610,0,0$1,0,0,0,0,0,0,0,0,1$0,1,0.9310936,0.53025925,0,0,0,1,0,0,0,0,0,0,0$0,0,0,1
66,3937,0,0$1,0,0,0,0,0,0,0,0,1$1,0.30314723,0.9518733,1,1,1,1,1,1,0,0,0,0,0,10,1,0,0$0,0,0,0
67,56,0,0$0,0,0,0,0,0,0,0,0,0$2,0.6441389,0.1875083,1,1,1,1,1,0,1,5,0,0,0.3068739,0.463529,1,1,1,1,1,0,0,0,0,0,0,12,0,0,0$0,0,0,0
68,1506,0,0$0,0,0,0,0,0,0,0,0,0$0,1,0.9869939,0.5150933,1,1,0,0,0,0,0,3,0,0,0$0,0,0,0
69,1319,0,0$0,0,0,0,0,0,0,0,0,0$2,0.3385507,0.49689412,1,1,1,1,1,0,1,5,1,0,0.60687196,0.22390664,1,1,1,0,0,0,1,3,1,0,0,8,2,0,0$0,0,0,0
70,3959,0,0$1,3,0,0,0,0,1,1,1,0$2,0.30501056,0.86694384,1,1,1,1,1,1,0,6,0,0,0.6161887,0.229973,1,1,1,1,0,0,0,0,0,0,0,0,1,10,0$0,0,0,0
71,3663,0,0$0,0,0,0,0,0,0,0,0,0$3,0.60687196,0.15717633,1,1,1,1,1,1,1,6,1,0,0.29196712,0.53632563,1,1,1,1,1,0,0,0,0,0,0.5826486,0.26333812,1,1,0,0,0,0,0,0,0,0,0,11,1,0,0$0,0,0,0
72,4468,0,0$0,0,0,0,0,0,0,0,0,0$3,0.6366855,0.30276966,1,1,1,1,0,0,0,0,0,0,0.62736875,0.22693984,1,1,1,0,0,0,0,0,0,0,0.60687196,0.13594398,1,1,0,0,0,0,0,0,0,0,0,0,0,16,0$0,0,0,0
73,4355,0,0$1,0,0,0,0,0,0,0,1,0$2,0.6180521,0.07224689,1,1,0,0,0,0,0,0,0,0,0.6161887,0.19357467,1,1,0,0,0,0,0,0,0,0,0,6,0,0,0$0,0,0,0
74,842,0,0$1,0,0,0,1,0,0,0,1,1$0,0,0,3,0,0$0,0,0,0
75,4048,0,0$1,0,0,0,1,0,0,0,0,1$1,0.31619057,0.5211597,0,0,0,0,1,1,1,6,1,0,0,0,1,2,0$0,0,0,0
76,57,0,0$0,0,0,0,0,0,0,0,0,0$2,0.6180521,0.11167843,1,1,1,1,0,0,0,0,0,1,0.3124639,0.53025925,1,1,1,0,0,0,0,0,0,0,0,0,0,7,0$0,0,0,0
77,3937,0,0$1,0,0,0,0,0,0,0,0,1$3,0.29755715,0.53025925,1,1,1,1,1,1,1,6,0,0,0.3068739,0.448363,1,1,1,1,0,0,1,4,0,0,0.30314723,0.65765345,1,1,1,1,1,1,1,6,0,0,0,16,0,0,0$0,0,0,0
78,3663,0,0$0,0,0,0,0,0,0,0,0,0$2,0.6422756,0.03888176,1,1,1,1,1,1,1,6,1,0,0.61246204,0.14201035,1,1,1,1,1,1,1,6,1,0,0,12,2,0,0$0,0,0,0
79,107,0,0$1,3,0,0,0,1,1,1,1,1$3,0.6441389,0.0783133,1,1,1,1,1,1,1,6,1,0,0.32737064,0.5150933,1,1,1,1,1,1,0,0,0,0,0.6087354,0.19054146,1,1,1,1,1,1,0,6,0,0,0,18,1,0,0$0,0,0,0
80,900,0,0$0,0,0,0,0,0,0,0,0,0$1,0.32178065,0.9063754,0,0,0,0,0,0,1,2,0,0,0,0,0,0,0$0,0,0,0
81,2557,0,0$1,0,0,0,0,0,0,0,0,0$0,1,0.9050069,0.53935885,0,1,1,1,0,0,0,4,0,0,0$0,0,0,0
82,5572,0,0$0,0,0,0,0,0,0,0,0,0$0,1,0.90873355,0.5090269,1,1,1,0,0,0,0,0,0,0,0$0,0,0,0
83,3959,0,0$1,0,0,0,0,0,0,0,1,0$1,0.6385489,0.39376554,1,1,1,1,1,1,1,6,0,0,0,0,0,6,0$0,0,0,0
84,5472,0,0$1,0,0,0,0,0,0,0,1,0$0,1,0.9590438,0.5211597,1,1,0,0,0,0,0,2,0,0,0$0,0,0,0
85,57,0,0$0,0,0,0,0,0,0,0,0,0$2,0.26588035,0.4695954,1,1,1,1,1,1,0,0,0,0,0.6329588,0.43623024,1,1,1,1,1,1,0,0,0,0,1,0.9124602,0.5029605,1,1,1,0,0,0,0,0,0,12,0$0,0,0,0
86,1318,0,0$1,0,0,2,0,0,0,0,1,0$4,0.62736875,0.28153732,1,1,1,1,1,1,1,6,0,0,0.334824,0.65765345,1,1,1,1,1,1,1,6,0,0,0.6441389,0.44532984,1,0,0,0,0,0,0,0,0,0,0.6534556,0.5545248,1,0,0,0,0,0,0,0,0,0,0,0,0,14,0$0,0,0,0
87,176,0,0$1,0,0,2,0,0,0,0,0,0$2,0.33109733,0.7274169,0,0,0,0,0,0,1,3,1,0,0.3180539,0.8881762,0,0,0,0,0,0,1,2,1,0,1,0.9590438,0.4999273,0,0,1,1,0,0,0,0,2,0,0$0,0,0,0
88,341,0,0$0,0,0,0,0,0,0,0,0,0$1,0.6366855,0.2936701,1,1,1,1,1,1,0,0,0,0,1,0.9590438,0.53632563,0,1,1,1,0,0,0,12,0,0,0$0,0,0,0
89,842,0,0$1,0,0,2,0,0,0,0,1,0$3,0.20811673,0.5818236,0,0,0,0,0,0,1,0,1,0,0.34973076,0.16324274,0,0,0,0,0,0,1,0,1,0,0.33668736,0.69405174,0,0,0,0,0,0,1,5,1,0,0,0,1,0,0$0,0,0,0
90,4613,0,0$1,3,0,0,0,1,1,1,1,0$3,0.3460041,0.48779455,1,1,1,1,1,1,1,6,0,0,0.61432546,0.20267428,1,1,1,1,1,1,1,6,0,0,0.64041215,0.08741287,1,1,1,1,1,1,0,0,0,0,0,18,0,0,0$0,0,0,0
91,4355,0,0$1,0,0,0,0,0,0,0,1,0$1,0.6422756,0.45746258,1,1,0,0,0,0,0,0,0,0,0,0,0,2,0$0,0,0,0
92,4498,0,0$0,0,0,0,0,0,0,0,0,0$2,0.6497289,0.26637134,0,1,1,1,0,0,0,0,0,0,0.65904564,0.12987761,1,1,1,1,0,0,0,0,0,0,0,9,1,0,0$0,0,0,0
93,369,0,0$1,0,0,0,0,0,0,0,1,0$1,0.32178065,0.92457455,1,1,1,1,1,0,0,0,0,0,0,4,0,0,0$0,0,0,0
94,4468,0,0$0,0,0,0,0,0,0,0,0,0$4,0.6441389,0.42409745,1,1,1,1,0,0,0,0,0,0,0.6385489,0.31186923,1,1,1,1,0,0,0,0,0,0,0.31060058,0.6970849,1,1,1,1,1,0,0,0,0,0,0.5826486,0.53935885,1,1,1,1,0,0,0,0,0,1,0,0,0,17,0$0,0,0,0
95,900,0,0$0,0,0,0,0,0,0,0,0,0$0,0,0,0,0,0$0,0,0,1
96,4146,0,0$1,0,0,0,0,0,0,0,1,0$2,0.32178065,0.6970849,1,1,1,0,0,0,0,0,0,0,0.6385489,0.5241929,1,1,1,1,0,0,0,0,0,0,0,0,0,9,0$0,0,0,0
97,3495,0,0$0,0,0,0,0,0,0,0,0,0$1,0.33109733,0.53935885,1,1,1,1,1,1,0,0,0,0,0,0,0,6,0$0,0,0,0
98,230,0,0$0,0,0,0,0,0,0,0,0,0$2,0.66277236,0.37556633,1,1,1,0,0,0,1,3,0,0,0.64786553,0.2936701,1,1,1,0,0,0,0,0,0,0,1,0.92177695,0.5423921,0,0,1,1,1,0,0,0,0,6,0$0,0,0,0
99,3309,0,0$1,3,0,0,0,1,1,1,1,0$4,0.32364398,0.70315135,1,1,1,1,1,0,1,5,0,0,0.31991732,0.8366119,1,1,1,1,0,0,1,4,0,0,0.64786553,0.42713067,1,1,1,0,0,0,0,0,0,0,0.6534556,0.2481722,0,0,0,0,0,0,1,5,0,0,0,0,0,13,0$0,0,0,0
100,123,0,0$1,1,0,0,0,1,0,0,1,0$1,0.30128387,0.5029605,1,1,1,1,1,0,1,5,1,0,0,6,1,0,0$0,0,0,0
101,4143,0,0$1,0,0,0,1,0,0,0,0,1$1,0.6199154,0.084379666,1,1,1,1,1,1,1,6,0,0,0,0,0,6,0$0,0,0,0
102,5046,0,0$1,3,0,0,0,1,1,1,0,1$2,0.28265044,0.47869498,1,1,1,1,1,1,1,6,1,0,0.29942054,0.57879037,1,1,1,1,1,1,1,6,1,0,0,12,2,0,0$0,0,0,0
103,2046,0,0$1,0,0,0,0,0,0,0,0,1$1,0.30314723,0.7274169,1,1,1,1,1,1,1,6,0,0,0,0,0,6,0$0,0,0,0
104,148,0,0$1,3,2,0,0,1,1,1,1,1$3,0.31432724,0.87604344,1,1,1,1,1,1,1,6,1,0,0.26960704,0.80627996,1,1,1,1,1,1,1,6,1,0,0.2845138,0.49689412,1,1,1,1,1,1,1,6,0,0,0,18,2,0,0$0,0,0,0
105,3309,0,0$1,3,0,0,0,1,1,1,1,1$2,0.2677437,0.95793974,1,1,1,1,1,0,1,5,1,0,0.2770604,0.8244791,1,1,1,1,1,0,1,5,1,0,0,0,2,13,0$0,0,0,0
106,2996,0,0$1,0,0,0,0,0,0,0,1,0$2,0.28265044,0.47869498,1,1,1,1,0,0,1,4,0,0,0.6515922,0.1662759,0,0,0,0,0,0,1,4,0,0,0,0,0,4,0$0,0,0,0
107,4073,0,0$1,0,0,0,0,0,0,0,1,0$3,0.30314723,0.9033422,1,1,1,0,0,0,0,0,0,0,0.2901038,0.7698816,1,1,0,0,0,0,0,0,0,0,0.30501056,0.6455206,1,1,1,0,0,0,0,0,0,0,0,0,0,9,0$0,0,0,0
108,5585,0,0$0,0,0,0,0,0,0,0,0,0$2,0.5807853,0.08134648,0,0,0,0,0,0,1,2,1,0,0.6217788,0.19660787,0,0,0,0,0,0,1,3,1,0,0,0,2,0,0$0,0,0,0
109,56,0,0$0,0,0,0,0,0,0,0,0,0$2,0.6515922,0.25423855,1,1,1,0,0,0,1,3,1,0,0.31991732,0.53025925,1,1,1,1,1,0,1,5,1,0,0,8,2,0,0$0,0,0,0
110,1086,0,0$1,0,0,0,0,0,0,0,1,0$2,0.62550545,0.054047745,1,1,1,1,0,0,1,4,1,0,0.5919653,0.19660787,1,1,1,1,0,0,0,0,0,0,0,0,1,8,0$0,0,0,0
111,4468,0,0$0,0,0,0,0,0,0,0,0,0$2,0.6441389,0.31490245,1,1,1,1,1,0,0,0,0,0,0.6422756,0.1844751,1,1,1,1,0,0,1,0,0,0,0,0,0,12,0$1,0,0,0
112,303,0,0$0,0,0,0,0,0,0,0,0,0$3,0.6366855,0.03281537,1,1,1,1,1,1,1,6,1,0,0.6366855,0.13291077,1,1,1,1,1,1,1,6,1,0,0.32178065,0.5120601,1,1,1,1,0,0,1,4,0,0,0,16,2,0,0$0,0,0,0
113,70,0,0$1,0,0,0,0,0,0,0,1,0$2,0.31432724,0.63338786,0,0,0,0,0,0,1,3,0,0,0.36091083,0.52722603,0,0,0,0,0,0,1,3,0,0,0,0,0,0,0$0,0,0,0
114,56,0,0$0,0,0,0,0,0,0,0,0,0$1,0.6348222,0.1268444,1,1,1,1,1,0,1,5,1,0,0,7,1,0,0$0,0,0,0
115,107,0,0$1,3,0,0,0,1,1,1,1,0$3,0.3180539,0.66675305,1,1,1,1,1,1,1,6,1,0,0.6161887,0.20267428,1,1,1,1,1,1,1,6,1,0,0.3124639,0.49689412,1,1,1,0,0,0,0,0,0,0,0,15,2,0,0$0,0,0,0
116,57,0,0$0,0,0,0,0,0,0,0,0,0$3,0.32178065,0.8548111,1,1,1,1,0,0,0,0,0,0,0.31432724,0.69101864,1,1,1,1,0,0,0,0,0,0,0.6441389,0.229973,1,1,1,1,1,1,0,0,0,0,0,0,0,14,0$0,0,0,0
117,3974,0,0$1,0,0,0,0,0,0,0,0,0$1,0.62550545,0.42713067,1,1,0,0,0,0,0,0,0,0,0,0,0,2,0$0,0,0,0
118,2994,0,0$1,0,0,0,0,0,0,0,0,0$4,0.38140762,0.49689412,1,1,1,1,0,0,1,4,1,0,-0.17759517,0.07528009,0,0,0,0,0,0,0,0,0,0,0.6385489,0.13594398,1,1,1,1,0,0,0,0,0,0,0.62923217,0.2997365,1,0,0,0,0,0,0,0,0,0,0,9,1,0,0$0,0,0,0
119,303,0,0$1,0,0,0,0,0,0,0,0,0$3,0.6385489,0.063147314,1,1,1,1,1,1,1,6,1,0,0.64041215,0.22390664,1,1,1,1,1,1,1,6,1,0,0.31991732,0.44532984,1,1,1,1,1,1,0,0,0,0,0,18,2,0,0$0,0,0,0
120,3452,0,0$1,2,0,0,0,0,0,0,1,0$2,0.6534556,0.48172814,1,1,1,1,0,0,0,0,0,0,0.6422756,0.37556633,1,1,1,1,0,0,0,0,0,0,1,0.97208714,0.53935885,0,0,0,1,0,0,0,0,0,8,0$0,0,0,0
121,649,0,0$1,0,0,0,0,0,0,0,1,0$4,0.60128206,0.5241929,1,1,1,0,0,0,0,0,0,0,0.2770604,0.6728194,1,1,1,0,0,0,0,0,0,0,0.30314723,0.7880808,1,1,1,0,0,0,0,0,0,0,0.66277236,0.25423855,1,0,0,0,0,0,0,0,0,0,0,0,0,11,0$0,0,0,0
122,1318,0,0$1,0,0,2,0,0,0,0,1,0$2,0.3068739,0.8184127,1,1,1,1,1,1,1,6,0,0,0.6348222,0.37253317,1,1,1,1,1,1,1,6,0,0,0,0,0,12,0$0,0,0,0
123,88,0,0$1,0,0,1,0,0,0,0,0,0$2,0.6329588,0.38163275,1,0,0,0,0,0,0,0,0,0,0.6348222,0.16930911,0,0,1,1,0,0,1,4,0,0,0,3,0,1,0$0,0,0,0
124,4653,0,0$1,0,0,0,0,0,0,0,1,0$3,0.64600223,0.25120538,0,1,0,0,0,0,0,0,0,0,0.60128206,0.084379666,1,0,0,0,0,0,0,0,0,0,0.6366855,0.38163275,1,0,0,0,0,0,0,0,0,0,0,0,0,2,0$0,0,0,0
125,842,0,0$1,0,0,2,0,0,0,0,1,0$4,0.31991732,0.84571147,0,0,0,0,0,0,1,6,1,0,0.6385489,0.24513899,0,0,0,0,0,0,1,5,1,0,0.334824,0.557558,0,0,0,0,0,0,1,5,1,0,0.32364398,0.71225095,0,0,0,0,0,0,1,4,0,0,0,0,1,0,0$0,0,0,0
126,4468,0,0$0,0,0,0,0,0,0,0,0,0$3,0.6497289,0.27243775,1,1,1,1,1,0,0,0,0,0,0.6422756,0.11774482,1,1,1,0,0,0,0,0,0,0,0.66090894,0.04494815,1,0,0,0,0,0,0,0,0,0,0,2,0,8,0$0,0,0,0
127,120,0,0$1,0,0,0,0,0,0,0,0,0$2,0.34786743,0.5029605,1,1,1,1,1,1,1,6,1,0,0.6515922,0.30883607,0,0,0,1,1,1,1,6,1,0,0,9,2,0,0$0,0,0,0

1,4073,0,0$0,0,0,0,0,0,0,0,0,0$2,0.60687196,0.43623024,0,1,0,0,0,0,0,0,0,0,0.60128206,0.25120538,0,0,0,0,0,0,1,1,0,0,0,0,0,1,0$0,0,0,0
2,4468,0,0$1,1,0,0,0,0,0,0,1,0$2,0.62550545,0.2481722,1,1,1,1,1,0,0,0,0,0,0.6217788,0.5029605,1,1,1,0,0,0,0,0,0,0,0,0,0,8,0$0,0,0,0
3,1305,0,0$1,0,0,2,0,0,0,0,0,0$1,0.60687196,0.3846659,0,0,0,0,0,0,1,2,1,0,0,0,0,0,0$0,0,0,0
4,379,0,0$1,0,0,0,0,0,0,0,0,1$2,0.3571841,0.8972758,1,1,1,1,1,1,1,6,1,0,0.32737064,0.8244791,1,1,1,1,1,1,1,6,1,0,0,12,2,0,0$0,0,0,0
5,5472,0,0$1,0,0,0,0,0,0,0,0,0$1,0.31060058,0.83054554,1,1,1,0,0,0,0,0,0,0,0,5,0,0,0$0,0,0,0
6,708,0,0$1,0,0,0,0,0,0,0,0,0$2,0.6087354,0.102578856,1,1,0,0,0,0,0,0,0,0,0.62736875,0.2481722,1,1,0,0,0,0,0,0,0,0,0,4,0,0,0$0,0,0,0
7,1816,0,0$1,0,0,1,0,0,0,0,0,0$2,0.6366855,0.37253317,1,1,1,0,0,0,0,0,0,0,0.59941864,0.50599366,1,1,1,0,0,0,0,0,0,0,0,0,0,6,0$0,0,0,0
8,5735,0,0$1,0,0,0,0,0,0,0,0,1$4,0.62550545,0.120778,1,1,1,1,0,0,0,0,0,0,0.6199154,0.25727177,1,1,1,1,0,0,0,0,0,0,0.31060058,0.5150933,1,0,0,0,0,0,0,0,0,0,0.5901019,0.43623024,1,1,0,0,0,0,0,0,0,0,0,11,0,0,0$0,0,0,0
9,4048,0,0$1,0,0,1,0,0,0,0,0,0$0,1,0.9124602,0.5090269,1,1,1,0,0,0,0,0,0,0,0$0,0,0,0
10,4653,0,0$1,0,0,0,0,0,0,0,1,0$2,0.31619057,0.8548111,0,0,0,0,0,0,1,2,0,0,0.2845138,0.62428826,0,0,0,0,0,0,1,2,0,0,0,0,0,2,0$0,0,0,0
11,70,0,0$1,2,1,0,0,0,0,0,1,0$1,0.6050087,0.19964108,1,1,1,1,1,1,1,6,1,0,0,6,0,3,0$0,0,0,0
12,4080,0,0$0,0,0,0,0,0,0,0,0,0$0,0,0,0,0,0$0,0,0,1
13,5603,0,0$1,0,0,0,0,0,0,0,0,0$1,0.6217788,0.17537552,1,1,1,0,0,0,1,3,1,0,0,5,0,0,0$0,0,0,0
14,4143,0,0$1,0,0,0,0,0,0,0,0,0$1,0.6050087,0.24513899,1,1,1,1,1,1,1,6,0,0,1,0.92177695,0.4695954,0,0,0,0,0,0,0,0,0,6,0$0,0,0,0
15,4593,0,0$1,1,0,0,0,0,0,0,1,0$0,1,0.96277046,0.46656218,0,0,0,1,0,0,0,1,0,0,0$0,0,0,0
16,123,0,0$1,0,0,0,0,0,0,0,1,0$2,0.2956938,0.79414713,1,1,1,1,1,0,0,0,0,0,0.29383048,0.65765345,1,1,1,0,0,0,0,0,0,0,0,9,0,0,0$0,0,0,0
17,148,0,0$1,0,1,0,0,0,0,0,0,0$2,0.61432546,0.1268444,1,1,1,1,1,1,1,6,1,0,0.30873722,0.44532984,1,1,1,1,1,1,1,6,1,0,0,6,0,0,0$0,0,0,0
18,2594,0,0$1,0,0,0,0,0,0,0,1,0$3,0.62923217,0.32703522,1,1,0,0,0,0,0,0,0,0,0.6050087,0.22693984,1,1,0,0,0,0,0,0,0,0,0.27519703,0.6455206,1,1,1,1,0,0,0,0,0,0,0,0,0,8,0$0,0,0,0
19,1305,0,0$1,0,0,0,0,0,0,0,1,0$3,0.60687196,0.41499788,1,1,0,0,0,0,1,2,0,0,0.6199154,0.229973,1,1,0,0,0,0,1,2,1,0,0.59755534,0.31490245,1,0,0,0,0,0,0,0,0,0,0,0,0,5,0$0,0,0,0
20,4450,0,0$0,0,0,0,0,0,0,0,0,0$2,0.5696051,0.19660787,1,1,1,1,0,0,0,0,0,0,0.6105987,0.054047745,1,1,1,1,0,0,0,0,0,0,0,8,0,0,0$0,0,0,0
21,1574,0,0$1,0,0,2,0,0,0,0,1,0$2,0.29942054,0.87907666,1,1,1,1,1,0,1,5,1,0,0.29383048,0.50599366,1,1,1,1,1,0,1,5,1,0,0,10,2,0,0$0,0,0,0
22,3663,0,0$0,0,0,0,0,0,0,0,0,0$3,0.30128387,0.56362444,1,1,0,0,0,0,0,0,0,0,0.2956938,0.79718035,1,1,1,1,1,1,0,0,0,0,0.005012398,0.9518733,1,1,0,0,0,0,0,0,0,0,0,8,0,0,0$0,0,0,0
23,56,0,0$0,0,0,0,0,0,0,0,0,0$2,0.30128387,0.9185081,1,1,1,1,1,0,1,5,1,0,0.3180539,0.69405174,1,1,0,0,0,0,0,0,0,0,1,0.90314347,0.47869498,1,1,1,0,0,0,0,7,1,0,0$0,0,0,0
24,3495,0,0$1,0,0,0,0,0,0,0,0,0$1,0.5938287,0.5090269,1,1,0,0,0,0,0,0,0,0,0,0,0,2,0$0,0,0,0
25,107,0,0$1,3,0,0,0,1,1,1,1,0$3,0.30314723,0.7880808,1,1,1,1,1,1,1,6,1,0,0.30314723,0.5909232,1,1,1,1,1,1,1,6,1,0,0.3255073,0.86694384,1,1,0,0,0,0,1,2,0,0,0,14,2,0,0$0,0,0,0
26,948,0,0$1,3,0,0,0,1,1,1,0,0$1,0.2956938,0.5666576,1,1,1,1,1,1,1,6,1,0,1,0.93668365,0.5090269,1,1,1,0,0,0,0,9,1,0,0$0,0,0,0
27,4595,0,1$0,0,0,0,0,0,0,0,0,0$0,0,0,0,0,0$0,0,0,0
28,3974,0,0$0,0,0,0,0,0,0,0,0,0$2,0.32178065,0.8487447,1,1,1,1,0,0,0,0,0,0,0.32178065,0.57575715,1,0,0,0,0,0,0,0,0,0,0,0,0,5,0$0,0,0,0
29,4450,0,0$0,0,0,0,0,0,0,0,0,0$3,0.29942054,0.7820144,1,1,1,1,0,0,0,0,0,0,0.28265044,0.65765345,1,1,0,0,0,0,0,0,0,0,0.28824046,0.900309,1,1,0,0,0,0,0,0,0,0,0,8,0,0,0$0,0,0,0
30,5046,0,0$1,0,0,0,0,0,0,0,0,1$2,0.33109733,0.50599366,1,1,1,1,1,1,1,6,1,0,0.31432724,0.5818236,1,1,1,1,1,1,1,6,1,0,0,12,2,0,0$0,0,0,0
31,4909,0,0$1,1,0,0,0,0,0,0,1,0$2,0.6348222,0.229973,1,1,1,0,0,0,0,0,0,0,0.6180521,0.120778,1,1,0,0,0,0,0,0,0,0,1,0.91059685,0.49689412,1,0,0,0,0,0,0,6,1,0,0$0,0,0,0
32,1506,0,0$1,0,1,0,0,0,0,0,1,0$2,0.61432546,0.21177386,1,1,0,0,0,0,0,0,0,0,0.6161887,0.36040035,1,1,0,0,0,0,1,2,0,0,0,4,1,0,0$0,0,0,0
33,341,0,0$0,0,0,0,0,0,0,0,0,0$2,0.30128387,0.5969895,1,1,1,1,1,0,0,0,0,0,0.29383048,0.7274169,1,1,1,1,0,0,0,0,0,0,0,12,0,0,0$0,0,0,0
34,2557,0,0$1,0,0,1,0,0,0,0,1,0$3,0.29196712,0.4999273,1,1,1,1,1,0,1,5,0,0,0.6217788,0.49386096,1,0,0,0,0,0,0,0,0,0,0.62923217,0.35130078,1,0,0,0,0,0,0,0,0,0,0,0,0,7,0$0,0,0,0
35,3008,0,0$1,1,0,0,0,0,0,0,1,0$2,0.31060058,0.57272404,1,1,0,0,0,0,0,0,0,0,0.29196712,0.8002136,1,0,0,0,0,0,0,0,0,0,0,8,0,0,0$0,0,0,0
36,2046,0,0$1,0,0,0,0,0,0,0,1,0$1,0.6050087,0.11167843,1,1,1,1,1,1,1,6,0,0,0,6,0,0,0$0,0,0,0
37,271,0,0$0,0,0,0,0,0,0,0,0,0$1,0.2956938,0.5150933,0,0,1,1,0,0,1,4,1,0,0,0,0,4,0$0,0,0,0
38,5654,0,0$0,0,0,0,0,0,0,0,0,0$0,1,0.97208714,0.48476133,1,0,0,0,0,0,0,1,0,1,0$0,0,0,0
39,4061,0,0$1,0,0,0,0,0,0,0,0,1$2,0.6217788,0.13594398,1,1,1,1,1,1,1,6,1,0,0.6031453,0.26940453,1,1,1,1,1,1,1,6,1,0,0,12,2,0,0$0,0,0,0
40,3663,0,0$0,0,0,0,0,0,0,0,0,0$3,0.3124639,0.8578443,1,1,1,1,1,1,1,6,1,0,0.31060058,0.7334833,1,1,0,0,1,1,1,6,1,0,0.30314723,0.65462023,1,1,1,1,0,0,0,0,0,0,0,16,2,0,0$0,0,0,0
41,5737,0,0$1,0,0,0,0,0,0,0,1,0$2,0.3124639,0.4999273,1,1,1,0,0,0,0,0,0,0,0.5901019,0.120778,1,0,0,0,0,0,0,0,0,0,0,5,0,0,0$0,0,0,0
42,4613,0,0$1,3,2,0,0,1,1,1,1,0$2,0.2956938,0.86391073,1,1,1,1,1,1,1,6,0,0,0.28265044,0.7729148,1,1,1,1,0,0,1,4,1,0,0,10,2,0,0$0,0,0,0
43,4593,0,0$1,1,0,0,0,0,0,0,1,0$1,0.6161887,0.47869498,1,1,1,0,0,0,0,0,0,0,1,0.9683604,0.47262856,1,0,0,0,0,0,0,0,0,3,0$0,0,0,0
44,4048,0,0$1,0,0,0,0,0,0,0,1,1$2,0.29383048,0.6879854,0,0,0,0,0,0,1,3,1,0,0.29383048,0.57272404,0,0,0,0,0,0,1,4,0,0,1,0.92364025,0.5120601,1,1,1,0,0,0,0,0,0,0,0$0,0,0,0
45,5472,0,0$1,0,0,0,0,0,0,0,1,0$1,0.28824046,0.9518733,1,1,1,1,0,0,0,4,0,0,0,5,0,0,0$0,0,0,0
46,88,0,0$1,0,0,0,0,0,0,0,0,0$0,1,0.93668365,0.49689412,1,1,0,0,0,0,0,5,1,0,0$0,0,0,0
47,5654,0,0$0,0,0,0,0,0,0,0,0,0$2,0.3068739,0.8548111,1,1,1,0,0,0,1,3,0,0,0.29942054,0.75774884,1,1,1,0,0,0,1,3,0,0,0,7,0,0,0$0,0,0,0
48,1156,0,0$1,0,0,0,0,0,0,0,1,1$1,0.6422756,0.43623024,1,1,1,1,1,0,1,5,1,0,0,1,1,7,0$0,0,0,0
49,708,0,0$1,0,0,0,0,0,0,0,0,1$2,0.33109733,0.8942426,0,0,0,0,0,0,1,4,0,0,0.3068739,0.5211597,0,0,0,0,0,0,1,3,1,0,1,0.9124602,0.5211597,1,1,0,0,0,0,0,0,0,0,0$0,0,0,0
50,4146,0,0$0,0,0,0,0,0,0,0,0,0$1,0.30314723,0.5818236,1,1,1,0,0,0,0,3,0,0,0,10,0,0,0$0,0,0,0
51,4653,0,0$1,1,0,0,0,0,0,0,1,0$2,0.29942054,0.8366119,1,0,0,0,0,0,0,2,0,0,0.6105987,0.5211597,1,1,0,0,0,0,0,2,0,1,1,0.92364025,0.49689412,1,0,0,0,0,0,0,0,0,3,0$0,0,0,0
52,1816,0,0$1,0,0,1,0,0,0,0,1,0$3,0.31619057,0.9427737,0,0,0,0,0,0,1,4,1,0,0.30314723,0.8153796,0,0,0,0,0,0,1,4,1,0,0.29196712,0.5545248,0,0,0,0,0,0,1,4,1,0,0,0,2,0,0$0,0,0,0
53,4073,0,0$1,1,0,0,0,0,0,0,1,0$2,0.6050087,0.26637134,1,1,0,0,0,0,0,2,0,0,0.30873722,0.8487447,1,1,0,0,0,0,0,2,0,0,1,0.90873355,0.49386096,1,1,0,0,0,0,0,0,0,5,0$0,0,0,0
54,1156,0,0$1,0,0,0,0,0,0,0,1,1$1,0.30314723,0.6394543,1,1,1,1,1,0,1,5,0,0,0,0,0,5,0$0,0,0,0
55,2996,0,0$1,0,0,1,0,0,0,0,1,0$2,0.6329588,0.36646676,1,1,1,0,0,0,0,3,0,0,0.59755534,0.26333812,1,1,1,0,0,0,0,3,0,0,0,0,0,6,0$0,0,0,0
56,379,0,0$1,0,0,0,0,0,0,0,0,1$1,0.6180521,0.102578856,1,1,1,1,1,1,1,6,1,0,0,14,1,0,0$0,0,0,0
57,2594,0,0$0,0,0,0,0,0,0,0,0,0$4,0.29942054,0.7092177,1,1,1,1,0,0,0,0,0,1,0.26588035,0.82144594,1,1,0,0,0,0,0,0,0,0,0.29383048,0.92457455,1,0,0,0,0,0,0,0,0,0,0.84165317,0.023715775,0,0,0,0,0,0,0,0,0,0,1,0.91618687,0.5150933,1,0,0,0,0,0,0,0,0,7,0$0,0,0,0
58,4061,0,0$1,0,0,1,0,0,0,0,0,0$2,0.6161887,0.1268444,1,1,1,1,1,0,1,5,1,0,0.31619057,0.5545248,1,1,1,0,0,0,1,0,0,0,0,9,1,0,0$0,0,0,0
59,842,0,0$1,0,0,1,0,0,0,0,0,0$3,0.31060058,0.91547495,0,0,0,0,0,0,1,6,1,0,0.31060058,0.80627996,0,0,0,0,0,0,1,6,1,0,0.61432546,0.4695954,0,0,0,0,0,0,1,4,0,0,0,0,2,0,0$0,0,0,0
60,1574,0,0$1,0,0,2,0,0,0,0,0,0$2,0.5919653,0.10561204,1,1,1,1,1,0,1,5,1,0,0.60687196,0.30580288,1,1,0,0,0,0,1,2,0,0,0,9,1,0,0$0,0,0,0
61,56,0,0$0,0,0,0,0,0,0,0,0,0$2,0.6422756,0.14807676,1,1,1,1,1,0,1,5,1,0,0.29755715,0.5484584,1,1,1,1,1,1,0,0,0,0,1,0.9143235,0.49689412,0,1,1,1,0,0,0,15,1,0,0$0,0,0,0
62,948,0,0$1,3,0,0,0,1,1,1,1,0$1,0.61432546,0.114711635,1,1,1,1,1,0,1,5,0,0,0,5,1,0,0$0,0,0,0
63,339,0,0$1,1,0,0,0,0,0,0,0,0$1,0.31060058,0.69101864,1,1,1,1,0,0,0,0,0,1,0,6,0,0,0$0,0,0,0
64,5654,0,0$0,0,0,0,0,0,0,0,0,0$2,0.2901038,0.92457455,1,1,1,0,0,0,1,3,0,0,0.30873722,0.7880808,1,1,1,1,0,0,0,0,0,0,0,8,0,0,0$0,0,0,0
65,3974,0,0$0,0,0,0,0,0,0,0,0,0$1,0.62550545,0.084379666,1,1,1,1,0,0,1,4,0,0,1,0.9404103,0.5241929,0,1,1,1,0,0,0,0,0,4,0$0,0,0,0
66,2996,0,0$1,0,0,1,0,0,0,0,0,0$2,0.6031453,0.42713067,0,0,0,0,0,0,1,5,0,0,0.6441389,0.5332925,0,0,0,0,0,0,1,3,0,0,1,0.9124602,0.5029605,0,0,0,1,0,0,0,0,0,0,0$0,0,0,0
67,1086,0,0$1,0,0,0,0,0,0,0,1,0$4,0.6217788,0.49082774,1,1,1,1,0,0,0,0,0,0,0.62923217,0.40893146,1,1,1,1,0,0,0,0,0,0,0.5733319,0.3422012,1,1,1,1,0,0,0,0,0,0,0.27892378,-0.085479215,0,0,0,0,0,0,0,0,0,0,0,0,0,12,0$0,0,0,0
68,1923,0,0$0,0,0,0,0,0,0,0,0,0$2,0.29942054,0.9185081,1,1,1,1,0,0,0,0,0,0,0.3180539,0.75168246,1,1,1,1,0,0,0,0,0,0,0,0,0,8,0$0,0,0,0
69,4143,0,0$1,0,0,0,0,0,0,0,0,1$1,0.6180521,0.2936701,1,1,1,1,1,0,1,5,0,0,1,0.9124602,0.4695954,0,0,0,1,0,0,0,1,0,5,0$0,0,0,0
70,3309,0,0$1,3,0,0,0,0,0,0,1,0$2,0.32178065,0.8366119,1,1,1,1,1,0,1,5,0,0,0.6087354,0.2481722,1,1,1,1,0,0,0,0,0,0,0,0,0,9,0$0,0,0,0
71,341,0,0$0,0,0,0,0,0,0,0,0,0$1,0.6031453,0.4695954,1,0,0,0,0,0,0,0,0,0,0,0,0,1,0$0,0,0,0
72,120,0,0$1,0,0,0,0,0,0,0,0,1$2,0.6441389,0.229973,0,0,0,1,1,1,1,6,1,0,0.6105987,0.120778,1,1,1,1,1,0,0,0,0,0,0,10,0,0,0$0,0,0,0
73,4498,0,0$1,0,0,0,0,0,0,0,0,1$2,0.28824046,0.7789812,1,1,1,0,0,0,1,3,1,0,0.2901038,0.86391073,1,0,0,0,0,0,0,0,0,0,0,6,0,0,0$0,0,0,0
74,339,0,0$1,1,0,0,0,0,0,0,1,0$2,0.30128387,0.57575715,1,1,0,0,0,0,0,2,0,1,0.30873722,0.67888576,1,0,0,0,0,0,0,0,0,0,0,4,0,0,0$0,0,0,0
75,369,0,0$1,0,0,0,0,0,0,0,1,0$1,0.29755715,0.49386096,1,1,1,1,0,0,0,0,0,0,0,7,0,0,0$0,0,0,0
76,5407,0,0$1,0,1,0,0,0,0,0,0,0$3,0.59755534,0.114711635,0,0,0,0,0,0,1,4,1,0,0.28637713,0.69405174,0,0,0,0,0,0,1,3,1,0,0.31060058,0.88514304,0,0,0,0,0,0,1,3,1,0,0,0,0,0,0$0,0,0,0
77,2594,0,0$0,0,0,0,0,0,0,0,0,0$2,0.5882386,0.47566175,1,1,1,1,0,0,0,0,0,0,0.5882386,0.3998319,1,1,1,1,0,0,0,0,0,0,0,0,0,6,0$0,0,0,0
78,303,0,0$1,0,0,0,0,0,0,0,0,1$3,0.2845138,0.7183174,1,1,1,1,1,1,1,6,1,0,0.29942054,0.83357877,1,1,1,1,1,1,1,6,1,0,0.3124639,0.56362444,1,1,1,1,0,0,1,4,0,0,0,16,0,0,0$0,0,0,0
79,5654,0,0$0,0,0,0,0,0,0,0,0,0$1,0.62550545,0.43319702,1,1,0,0,0,0,0,0,0,0,0,0,0,3,0$0,0,0,0
80,148,0,0$1,0,2,0,0,0,0,0,1,0$1,0.59941864,0.10561204,1,1,1,1,1,1,1,6,1,0,0,13,0,0,0$0,0,0,1
81,3974,0,0$1,0,0,1,0,0,0,0,0,0$0,0,0,3,0,0$0,0,0,0
82,948,0,0$1,0,0,0,0,1,1,1,1,0$2,0.6217788,0.08741287,1,1,1,1,1,1,1,6,1,0,0.5901019,0.19357467,1,1,1,1,1,1,1,6,1,0,0,11,2,0,0$0,0,0,0
83,4450,0,0$0,0,0,0,0,0,0,0,0,0$2,0.6161887,0.102578856,1,1,1,1,1,0,1,5,1,0,0.31991732,0.5181265,1,1,0,0,0,0,0,0,0,0,0,7,1,0,0$0,0,0,0
84,4498,0,0$0,0,0,0,0,0,0,0,0,0$3,0.30314723,0.84267825,1,1,1,0,0,0,0,0,0,0,0.30128387,0.91547495,1,1,1,1,0,0,0,0,0,0,0.31619057,0.6970849,1,1,1,1,0,0,0,0,0,0,0,13,0,0,0$0,0,0,0
85,1622,0,0$1,0,0,0,0,0,0,0,0,1$1,0.30314723,0.56362444,0,0,0,1,1,1,1,6,1,0,0,4,1,0,0$0,0,0,0
86,5735,0,0$1,0,0,0,0,0,0,0,0,1$2,0.64600223,0.120778,1,1,1,1,1,0,1,5,1,0,0.6217788,0.26030496,1,1,1,0,0,0,0,0,0,0,0,8,1,0,0$0,0,0,0
87,4595,0,0$0,0,0,0,0,0,0,0,0,0$0,0,2,0,0,0$0,0,0,0
88,702,0,0$1,0,0,0,0,0,0,0,1,0$0,0,0,0,3,0$0,0,0,0
89,3495,0,0$1,0,0,0,0,0,0,0,0,1$2,0.3068739,0.8972758,1,1,1,1,1,0,1,5,1,0,0.29942054,0.66675305,1,0,0,0,0,0,0,0,0,0,0,0,1,6,0$0,0,0,0
90,339,0,0$0,0,0,0,0,0,0,0,0,0$0,0,0,0,0,0$0,0,0,0
91,2457,0,0$0,0,0,0,0,0,0,0,0,0$2,0.5882386,0.24210578,1,1,0,0,0,0,1,2,1,0,0.6217788,0.37556633,1,1,0,0,0,0,0,0,0,0,0,8,1,0,0$0,0,0,0
92,2046,0,0$1,0,0,1,0,0,0,0,0,0$1,0.29383048,0.79414713,1,1,1,1,1,1,1,6,0,0,0,0,0,6,0$0,0,0,0
93,3193,0,0$1,0,0,2,0,0,0,0,0,0$2,0.6441389,0.36949998,1,1,1,0,0,0,1,3,0,0,0.64600223,0.5120601,1,1,1,0,0,0,0,0,0,0,0,0,0,6,0$0,0,0,0
94,4909,0,0$1,1,0,0,0,0,0,0,1,0$2,0.32178065,0.76078206,1,1,1,0,0,0,0,0,0,0,0.334824,0.8972758,1,0,0,0,0,0,0,0,0,0,0,7,1,0,0$0,0,0,0
95,1156,0,0$1,0,0,0,0,0,0,0,0,0$2,0.30501056,0.8608775,1,1,1,1,1,1,0,0,0,0,0.6161887,0.43623024,1,1,1,0,0,0,1,3,0,0,0,0,0,9,0$0,0,0,0
96,120,0,0$1,0,1,0,0,0,0,0,0,0$2,0.30128387,0.79414713,1,1,1,1,1,0,1,5,1,0,0.62550545,0.49689412,1,1,0,0,0,0,0,0,0,0,0,0,0,7,0$0,0,0,0
97,341,0,0$0,0,0,0,0,0,0,0,0,0$2,0.329234,0.86391073,1,1,1,1,1,1,0,0,0,0,0.6441389,0.45442942,1,1,0,0,0,0,0,0,0,0,1,0.8528332,0.5150933,0,1,1,1,0,0,0,8,0,0,0$0,0,0,0
98,5735,0,0$1,0,0,0,0,0,0,0,0,1$2,0.28637713,0.8032468,1,1,1,1,0,0,0,0,0,0,0.3124639,0.6758526,1,1,1,1,0,0,0,0,0,0,0,11,0,0,0$0,0,0,0
99,649,0,0$0,0,0,0,0,0,0,0,0,0$3,0.6105987,0.21480702,1,1,1,1,1,0,0,0,0,0,0.62923217,0.07528009,1,1,1,1,1,0,0,0,0,0,0.3068739,0.52722603,1,1,1,0,0,0,0,0,0,0,0,13,0,0,0$0,0,0,0
100,4080,0,0$0,0,0,0,0,0,0,0,0,0$1,0.62923217,0.30276966,1,1,0,0,0,0,0,0,0,0,0,0,0,2,0$0,0,0,0
101,3452,0,0$1,2,0,0,0,0,0,0,1,0$4,0.31991732,0.7183174,1,1,1,1,0,0,0,0,0,0,0.28637713,0.8002136,1,1,1,1,0,0,0,0,0,0,0.59755534,0.47869498,1,0,0,0,0,0,0,0,0,0,0.6087354,0.37556633,1,0,0,0,0,0,0,0,0,0,0,0,0,10,0$0,0,0,0
102,610,0,0$1,0,2,0,0,0,0,0,0,1$0,1,0.91618687,0.5029605,0,1,1,1,0,0,0,0,0,0,0$0,0,0,0
103,4909,0,0$1,0,1,0,0,0,0,0,1,0$2,0.62550545,0.1875083,1,1,1,0,0,0,0,0,0,0,0.60687196,0.11774482,1,0,0,0,0,0,1,1,0,0,0,7,0,0,0$0,0,0,0
104,369,0,0$0,0,0,0,0,0,0,0,0,0$0,1,0.93668365,0.48476133,1,1,1,0,0,0,0,0,0,0,0$0,0,0,0
105,900,0,0$0,0,0,0,0,0,0,0,0,0$2,0.28265044,0.5120601,0,0,0,0,0,0,1,3,1,0,0.30314723,0.7820144,0,0,0,0,0,0,1,2,1,0,0,0,0,0,0$0,0,0,0
106,702,0,0$0,0,0,0,0,0,0,0,0,0$1,0.62736875,0.24513899,1,1,1,0,0,0,1,0,0,0,0,3,0,0,0$0,0,0,0
107,5572,0,0$0,0,0,0,0,0,0,0,0,0$1,0.6161887,0.28457052,1,1,1,1,0,0,0,0,0,0,0,4,0,0,0$0,0,0,0
108,2594,0,0$0,0,0,0,0,0,0,0,0,0$2,0.29942054,0.92154133,1,1,1,1,0,0,0,0,0,0,0.30314723,0.79414713,1,1,1,1,0,0,0,0,0,0,1,0.944137,0.5120601,1,0,0,0,0,0,0,0,0,8,0$0,0,0,0
109,701,0,0$1,0,0,0,0,0,0,0,0,1$3,0.26588035,0.91547495,1,0,0,0,0,0,0,0,0,0,0.2956938,0.8153796,1,1,1,1,1,0,0,0,0,0,0.2901038,0.6849522,1,1,1,1,1,1,1,6,1,0,0,0,0,0,0$0,0,0,0
110,5603,0,0$0,0,0,0,0,0,0,0,0,0$1,0.61246204,0.060114108,0,0,0,0,0,0,1,4,1,0,0,3,2,0,0$0,0,0,0
111,1923,0,0$0,0,0,0,0,0,0,0,0,0$0,0,1,0,0,0$0,0,0,1
112,4653,0,0$1,0,0,0,0,0,0,0,0,0$0,1,0.88823676,0.48779455,1,1,1,0,0,0,0,0,0,0,0$0,0,0,0
113,948,0,0$1,3,0,0,0,1,1,1,1,0$1,0.6050087,0.11774482,1,1,1,1,1,1,1,6,1,0,1,0.90128016,0.5120601,1,1,1,0,0,0,0,7,1,0,0$0,0,0,0
114,228,0,0$1,0,0,0,0,0,0,0,0,1$2,0.051595945,-0.012682558,0,0,0,0,0,0,0,0,0,0,0.30128387,0.5696908,1,1,1,1,1,1,1,6,0,0,0,11,0,0,0$0,0,0,0
115,701,0,0$0,0,0,0,0,0,0,0,0,0$1,0.32178065,0.8608775,1,1,1,1,1,1,0,0,0,0,0,6,1,0,0$0,0,0,0
116,4073,0,0$1,1,0,0,0,0,0,0,1,0$2,0.6161887,0.15110996,1,1,0,0,0,0,0,0,0,0,0.62736875,0.4999273,1,0,0,0,0,0,0,0,0,0,0,1,0,3,0$0,0,0,0
117,1319,0,0$1,0,0,1,0,0,0,0,0,0$1,0.61246204,0.19357467,1,1,1,1,1,0,1,5,0,0,0,7,0,0,0$0,0,0,0
118,4048,0,0$1,0,0,1,0,0,0,0,0,0$1,0.6161887,0.1268444,1,1,1,1,0,0,1,4,1,0,1,0.9199136,0.5120601,0,1,1,1,0,0,0,4,0,0,0$0,0,0,0
119,5735,0,0$1,0,0,0,0,0,0,0,0,1$2,0.3180539,0.6849522,1,1,1,1,1,0,1,5,0,0,0.258427,0.5090269,1,1,0,0,0,0,0,0,0,0,0,9,0,0,0$0,0,0,0
120,379,0,0$1,2,0,0,0,1,1,0,1,0$2,0.33296067,0.6151887,1,1,1,1,1,1,1,6,1,0,0.30314723,0.53025925,1,1,1,1,1,1,1,6,0,0,0,14,1,0,0$0,0,0,0
121,4909,0,0$1,0,1,0,0,0,0,0,1,0$1,0.6105987,0.49689412,0,0,0,1,1,1,1,6,1,0,1,0.9310936,-5.497802E-4,0,0,0,0,0,0,0,6,2,0,0$0,0,0,0
122,70,0,0$1,3,2,0,0,1,1,1,0,0$2,0.66277236,0.041914966,1,1,1,1,1,0,1,5,1,0,0.34041408,0.6697863,0,0,0,0,0,0,1,3,1,0,0,5,2,0,0$0,0,0,0
123,1506,0,0$0,0,0,0,0,0,0,0,0,0$3,0.595692,0.084379666,1,1,0,0,0,0,0,0,0,0,0.32178065,0.43623024,1,0,0,0,0,0,0,0,0,1,0.3124639,0.57575715,1,0,0,0,0,0,0,0,0,0,0,11,0,0,0$0,0,0,0
124,5654,0,0$0,0,0,0,0,0,0,0,0,0$2,0.29942054,0.9276078,1,1,0,0,0,0,1,2,0,0,0.33109733,0.8153796,1,1,1,0,0,0,1,3,1,0,0,5,1,0,0$0,0,0,0
125,341,0,0$0,0,0,0,0,0,0,0,0,0$3,0.58451194,0.2997365,1,1,1,1,1,0,0,0,0,0,0.2733337,0.5181265,1,1,1,1,1,0,0,0,0,0,0.329234,0.73651654,1,1,0,0,0,0,0,0,0,0,1,0.8658766,-5.497802E-4,0,0,0,0,0,0,0,12,0,0,0$0,0,0,0
126,4595,0,0$0,0,0,0,0,0,0,0,0,0$0,0,0,0,0,0$0,0,0,0
127,56,0,0$1,0,0,0,0,0,0,0,0,1$1,0.30314723,0.83054554,1,1,1,1,1,0,1,5,1,0,1,0.8975535,0.49689412,0,0,0,0,0,0,0,11,1,0,0$0,0,0,0

1,900,0,0$0,0,0,0,0,0,0,0,0,0$1,0.62550545,0.096512444,1,0,0,0,0,0,0,0,0,0,0,3,0,1,0$0,0,0,0
2,123,0,0$1,0,1,0,0,0,0,0,1,0$1,0.30501056,0.7001181,1,1,1,0,0,0,0,0,0,0,1,0.96463376,0.5029605,0,0,0,1,0,0,0,5,1,0,0$0,0,0,0
3,3974,0,0$1,1,0,0,0,0,0,0,1,0$1,0.6422756,0.37556633,1,1,0,0,0,0,0,0,0,0,1,0.9310936,0.5120601,0,0,1,1,0,0,0,0,0,4,0$0,0,0,0
4,176,0,0$1,0,0,0,0,0,0,0,0,1$1,0.31619057,0.5211597,0,0,0,0,0,0,1,2,1,0,1,0.94972706,0.44229665,1,0,0,0,0,0,0,0,1,0,0$0,0,0,0
5,5586,0,0$1,0,0,0,0,0,0,0,0,1$0,0,0,0,0,0$0,0,0,0
6,4593,0,0$1,1,0,0,0,0,0,0,0,0$0,0,0,0,0,0$0,0,0,0
7,4595,0,0$0,0,0,0,0,0,0,0,0,0$0,0,0,0,0,0$0,0,0,0
8,88,0,0$0,0,0,0,0,0,0,0,0,0$2,0.6422756,0.37859955,1,0,0,0,0,0,0,0,0,0,0.6199154,0.16930911,0,0,0,0,0,0,1,4,1,0,1,0.91059685,0.4999273,0,0,0,1,0,0,0,1,1,1,0$0,0,0,0
9,303,0,0$1,0,0,0,0,0,0,0,0,1$3,0.2956938,0.900309,1,1,1,1,1,1,1,6,1,0,0.29383048,0.745616,1,1,1,1,1,1,1,6,1,0,0.29755715,0.6758526,1,1,1,1,0,0,0,0,0,0,0,16,2,0,0$0,0,0,0
10,610,0,0$1,0,0,0,0,0,0,0,0,1$1,0.30501056,0.8396451,1,1,0,0,0,0,0,0,0,0,0,4,0,0,0$0,0,0,0
11,339,0,0$1,0,0,0,0,0,0,0,1,0$1,0.30873722,0.75774884,1,1,1,1,1,1,0,0,0,0,0,6,0,0,0$0,0,0,0
12,3452,0,0$0,0,0,0,0,0,0,0,0,0$1,0.32364398,0.7638153,1,1,1,1,0,0,0,0,0,0,1,0.9310936,0.5332925,1,1,0,0,0,0,0,0,0,4,0$0,0,0,0
13,1923,0,0$0,0,0,0,0,0,0,0,0,0$3,0.33109733,0.7789812,1,1,1,1,1,0,1,5,0,0,0.31060058,0.9063754,1,1,1,1,1,1,0,0,0,0,0.34041408,0.97007245,1,0,0,0,0,0,0,0,0,0,0,12,1,0,0$0,0,0,0
14,2457,0,0$1,0,0,0,0,0,0,0,0,1$3,0.32364398,0.6424875,1,1,1,1,1,1,1,6,0,0,0.3571841,0.74864924,0,0,0,0,0,0,0,0,0,0,0.29755715,0.9397405,1,0,0,0,0,0,0,0,0,0,0,11,0,0,0$0,0,0,0
15,271,0,0$0,0,0,0,0,0,0,0,0,0$2,0.3124639,0.5484584,1,0,0,0,0,0,0,0,0,0,0.32178065,0.8517779,1,0,0,0,0,0,0,0,0,0,0,2,0,0,0$0,0,0,0
16,1114,0,0$1,3,0,0,0,1,1,1,1,0$2,0.6441389,0.084379666,1,1,1,1,1,1,1,6,1,0,0.62550545,0.21177386,1,1,1,1,1,1,1,6,1,0,1,0.9869939,0.48779455,1,1,1,0,0,0,0,0,2,12,0$0,0,0,0
17,5407,0,0$1,0,0,1,0,0,0,0,1,0$1,0.3180539,0.9397405,0,0,0,0,0,0,1,4,1,0,0,0,2,0,0$0,0,0,0
18,5572,0,0$0,0,0,0,0,0,0,0,0,0$2,0.33109733,0.8153796,1,1,1,1,0,0,1,4,0,0,0.34041408,0.95793974,1,1,1,1,0,0,0,4,0,0,0,8,0,0,0$0,0,0,0
19,5046,0,0$1,0,0,0,0,0,0,0,0,1$2,0.3124639,0.93670726,1,1,1,1,1,1,1,6,1,0,0.31619057,0.8123464,1,1,1,1,1,1,1,6,1,0,0,12,3,0,0$0,0,0,0
20,176,0,0$1,0,0,0,0,0,0,0,0,1$1,0.60687196,0.114711635,0,0,0,0,0,0,1,4,1,0,1,0.97767717,0.5211597,1,1,0,0,0,0,0,0,1,0,0$0,0,0,0
21,70,0,0$1,3,1,0,0,0,0,0,1,0$2,0.29196712,0.5120601,1,1,1,1,1,1,1,6,0,0,0.6236421,0.4180311,1,1,1,1,0,0,1,4,0,0,0,0,0,9,0$0,0,0,0
22,842,0,0$1,0,0,0,0,0,0,0,1,0$0,1,0.9739505,0.49689412,0,0,0,1,0,0,0,0,1,0,0$0,0,0,0
23,3309,0,0$1,3,0,0,0,1,1,1,1,0$3,0.30501056,0.8275123,1,1,1,1,1,0,1,5,0,0,0.6180521,0.49689412,1,0,0,0,0,0,1,1,0,0,0.6236421,0.39073232,1,0,0,0,0,0,0,0,0,0,0,0,1,8,0$0,0,0,0
24,701,0,0$1,0,0,0,0,0,0,0,0,1$3,0.32178065,0.7789812,1,1,1,1,1,0,1,5,1,0,0.32364398,0.84571147,1,1,1,1,1,0,1,5,1,0,0.32178065,0.6849522,1,1,1,0,0,0,0,0,0,0,1,0.97208714,0.5029605,1,1,0,0,0,0,0,13,2,0,0$0,0,0,0
25,3008,0,0$1,0,0,0,0,0,0,0,1,0$0,1,0.9534537,0.53935885,0,1,1,1,0,0,0,3,0,0,0$0,0,0,0
26,3959,0,0$0,0,0,0,0,0,0,0,0,0$1,0.6161887,0.48476133,1,1,1,1,1,1,1,6,0,0,0,0,0,6,0$0,0,0,0
27,4146,0,0$1,1,0,0,0,0,0,0,1,0$2,0.31432724,0.83054554,1,1,0,0,0,0,0,0,0,0,0.29383048,0.93367416,1,1,0,0,0,0,0,0,0,0,0,7,0,0,0$0,0,0,0
28,5586,0,0$0,0,0,0,0,0,0,0,0,0$1,0.31432724,0.87604344,0,0,0,0,0,0,1,4,1,0,0,0,0,0,0$0,0,0,0
29,5572,0,0$0,0,0,0,0,0,0,0,0,0$0,1,0.98326725,0.41196468,1,0,0,0,0,0,0,0,0,0,0$0,0,0,0
30,5407,0,0$0,0,0,0,0,0,0,0,0,0$2,0.48948145,-0.22197297,0,0,0,0,0,0,0,0,0,0,0.62923217,0.11774482,0,0,0,0,0,0,1,4,0,0,1,0.96277046,0.5120601,1,0,0,0,0,0,0,0,0,0,0$0,0,0,0
31,5735,0,0$1,0,0,0,0,0,0,0,1,0$1,0.3255073,0.84267825,1,1,1,0,0,0,0,0,0,0,0,5,1,0,0$1,0,0,0
32,5472,0,0$1,0,0,0,0,0,0,0,1,0$1,0.27892378,0.6970849,1,1,1,1,0,0,0,0,0,0,0,4,0,0,0$0,0,0,0
33,1305,0,0$1,0,0,0,0,0,0,0,0,0$2,0.3124639,0.61215556,0,0,0,0,0,0,1,5,0,0,0.32178065,0.70315135,0,0,0,0,0,0,1,4,0,0,0,0,0,0,0$0,0,0,0
34,2457,0,0$0,0,0,0,0,0,0,0,0,0$3,0.2956938,0.7092177,1,1,1,1,1,1,1,6,0,0,0.26401702,0.79414713,1,1,1,1,0,0,0,0,0,0,0.26401702,0.92457455,1,1,1,1,0,0,0,0,0,0,0,14,0,0,0$0,0,0,0
35,57,0,0$0,0,0,0,0,0,0,0,0,0$2,0.3124639,0.5939564,1,1,1,0,0,0,0,0,0,0,0.6161887,0.49386096,1,1,1,1,1,0,0,0,0,0,1,0.96463376,0.48172814,1,1,1,0,0,0,0,0,0,8,0$0,0,0,0
36,107,0,0$1,3,0,0,0,0,0,0,1,0$3,0.34414074,0.7274169,1,1,1,1,1,1,1,6,1,0,0.29383048,0.6273215,1,1,1,1,1,1,1,6,1,0,0.27519703,0.5454253,1,1,1,0,0,0,0,0,0,0,0,15,2,0,0$0,0,0,0
37,610,0,0$1,0,0,0,0,0,0,0,0,0$3,0.3255073,0.53632563,1,1,0,0,0,0,1,2,1,0,0.29755715,0.65765345,1,1,0,0,0,0,0,0,0,0,0.28637713,0.8123464,1,1,0,0,0,0,1,2,1,0,0,7,2,0,0$0,0,0,0
38,369,0,0$1,0,0,0,0,0,0,0,1,0$2,0.32364398,0.5454253,1,1,0,0,0,0,0,0,0,0,0.34786743,0.7243837,1,1,1,1,1,0,0,0,0,1,0,10,0,0,0$0,0,0,0
39,3937,0,0$1,0,0,0,0,0,0,0,0,0$3,0.30501056,0.8972758,1,1,1,1,1,1,1,6,1,0,0.31991732,0.75168246,1,1,1,1,1,1,0,0,0,0,0.31060058,0.5909232,1,1,0,0,0,0,0,0,0,0,0,16,2,0,0$0,0,0,0
40,2996,0,0$1,0,0,1,0,0,0,0,1,0$3,0.64041215,0.34523442,0,0,0,0,0,0,1,4,0,1,0.6348222,0.19660787,0,0,0,0,0,0,1,3,0,0,0.62550545,0.53935885,1,0,0,0,0,0,0,0,0,0,0,0,0,4,0$0,0,0,0
41,3193,0,0$1,0,0,0,0,0,0,0,1,0$2,0.2845138,0.9549065,1,1,1,1,0,0,1,4,1,0,0.2901038,0.71225095,0,0,1,0,0,0,0,0,0,0,0,6,2,0,0$0,0,0,0
42,2046,0,0$1,0,0,0,0,0,0,0,1,0$1,0.6199154,0.49689412,1,1,1,0,0,0,1,3,0,0,0,0,0,3,0$0,0,0,0
43,3495,0,0$1,0,0,0,0,0,0,0,0,1$1,0.30314723,0.8093132,1,1,1,1,1,0,1,5,1,0,0,0,1,5,0$0,0,0,0
44,701,0,0$0,0,0,0,0,0,0,0,0,0$4,0.31060058,0.8972758,1,1,1,1,1,0,1,5,1,0,0.29383048,0.78504765,1,1,1,1,1,0,1,5,1,0,0.27892378,0.6606867,1,1,1,1,0,0,0,0,0,0,0.28824046,0.5545248,1,1,0,0,0,0,0,0,0,0,0,16,2,0,0$0,0,0,0
45,1923,0,0$0,0,0,0,0,0,0,0,0,0$2,0.6422756,0.25727177,1,1,1,0,0,0,0,3,0,0,0.6050087,0.36949998,1,1,1,1,0,0,0,0,0,0,0,0,0,7,0$0,0,0,0
46,5586,0,0$1,0,1,0,0,0,0,0,1,0$2,0.29196712,0.91244185,0,0,0,0,0,0,1,4,1,0,0.2901038,0.791114,0,0,0,0,0,0,1,3,1,1,0,0,2,0,0$0,0,0,0
47,271,0,0$0,0,0,0,0,0,0,0,0,0$2,0.6161887,0.06618052,1,0,0,0,0,0,0,0,0,0,0.6348222,0.19660787,1,1,1,0,0,0,0,0,0,0,0,0,0,5,0$0,0,0,0
48,3309,0,0$1,3,0,0,0,1,1,1,1,1$2,0.32178065,0.79718035,1,1,1,1,1,0,1,5,1,0,0.29755715,0.56362444,0,0,0,0,0,0,1,3,1,0,0,10,2,0,0$0,0,0,0
49,5603,0,0$1,1,0,0,0,1,0,0,0,1$3,0.30128387,0.62428826,1,1,1,1,0,0,0,0,0,0,0.3124639,0.8184127,1,1,1,1,0,0,0,0,0,0,0.28824046,0.71528417,1,1,1,1,0,0,0,0,0,0,0,12,1,0,0$0,0,0,0
50,70,0,0$1,3,2,0,0,1,1,1,1,1$2,0.29942054,0.87907666,1,1,1,1,1,1,1,6,0,0,0.32178065,0.74258286,0,0,0,1,1,1,1,6,0,0,0,0,0,9,0$0,0,0,0
51,5737,0,0$1,0,0,0,0,0,0,0,0,1$1,0.26588035,0.92457455,1,1,0,0,0,0,1,2,1,0,0,5,1,0,0$0,0,0,0
52,1086,0,0$1,0,0,0,0,0,0,0,1,0$3,0.31619057,0.9094086,1,1,1,1,0,0,0,0,0,0,0.31432724,0.8093132,1,1,1,1,0,0,0,0,0,0,0.3180539,0.6970849,1,1,0,0,0,0,0,0,0,0,0,0,0,10,0$0,0,0,0
53,3193,0,0$1,0,0,0,1,0,0,0,1,1$2,0.32364398,0.91244185,1,1,1,0,0,0,0,0,0,0,0.59755534,0.46049577,1,0,0,0,0,0,0,0,0,0,0,0,0,4,0$0,0,0,0
54,4909,0,0$0,0,0,0,0,0,0,0,0,0$1,0.3124639,0.80627996,1,1,1,1,1,1,1,6,1,0,0,6,0,0,0$0,0,0,0
55,1506,0,0$1,0,1,0,0,0,0,0,0,1$2,0.6161887,0.23300621,1,1,1,0,0,0,0,0,0,0,0.30314723,0.5150933,1,1,1,1,1,1,1,6,1,0,0,4,1,3,0$0,0,0,0
56,3937,0,0$1,0,0,0,0,0,0,0,0,1$3,0.334824,0.8396451,1,1,1,1,1,1,1,6,1,0,0.30501056,0.9488401,1,1,1,1,1,1,1,6,1,0,0.30873722,0.74864924,1,1,1,1,1,1,0,0,0,0,0,18,2,0,0$0,0,0,0
57,5407,0,0$1,0,1,0,0,0,0,0,1,0$1,0.29942054,0.8032468,0,0,0,0,0,0,1,4,1,0,0,0,3,0,0$0,0,0,0
58,5735,0,0$1,0,0,0,0,0,0,0,0,1$2,0.32737064,0.9458069,1,1,1,0,0,0,1,3,1,0,0.32364398,0.8275123,1,0,0,0,0,0,0,0,0,0,0,8,1,0,0$0,0,0,0
59,228,0,0$1,0,0,0,0,0,0,0,0,1$3,0.3124639,0.8972758,1,1,1,1,1,1,0,0,0,0,0.31991732,0.8002136,1,1,1,1,1,1,0,0,0,0,0.32178065,0.7001181,1,1,1,0,0,0,0,0,0,0,0,16,0,0,0$0,0,0,0
60,3663,0,0$0,0,0,0,0,0,0,0,0,0$3,0.30873722,0.8730102,1,1,1,1,1,1,1,6,1,0,0.3124639,0.78504765,1,1,1,1,1,1,1,6,1,0,0.32178065,0.69405174,1,1,1,1,0,0,0,0,0,0,0,16,2,0,0$0,0,0,0
61,1319,0,0$0,0,0,0,0,0,0,0,0,0$2,0.30128387,0.87604344,1,1,1,1,1,0,1,4,1,0,0.2845138,0.79414713,1,1,1,1,1,0,1,5,0,0,0,11,1,0,0$0,0,0,0
62,3309,0,0$1,0,1,0,0,0,0,0,1,0$3,0.31619057,0.9094086,1,1,1,1,1,0,1,5,1,0,0.33296067,0.8123464,1,1,1,1,1,0,1,5,1,0,0.29942054,0.7092177,1,1,1,0,0,0,1,4,0,0,0,0,2,12,0$0,0,0,0
63,271,0,0$0,0,0,0,0,0,0,0,0,0$2,0.28265044,0.557558,1,1,1,0,0,0,0,3,0,0,0.2901038,0.6455206,1,1,1,0,0,0,0,3,0,0,0,0,0,8,0$0,0,0,0
64,5737,0,0$1,0,0,0,0,0,0,0,1,0$1,0.28637713,0.86694384,1,0,0,0,0,0,0,1,0,0,0,0,0,1,0$0,0,0,0
65,4613,0,0$1,3,2,0,0,1,1,1,1,0$2,0.29383048,0.48779455,1,1,1,1,1,1,1,6,1,0,0.30314723,0.62125516,1,1,1,1,1,1,1,6,1,0,0,18,1,0,0$0,0,0,0
66,3495,0,0$1,0,0,0,0,0,0,0,1,0$2,0.6348222,0.15414317,1,1,1,1,0,0,0,5,0,0,0.60128206,0.49689412,1,1,1,0,0,0,0,3,0,0,0,0,0,8,0$0,0,0,0
67,5046,0,0$1,3,0,0,0,1,1,1,1,0$2,0.35904744,0.92154133,1,1,1,1,1,1,1,6,1,0,0.32178065,0.7547157,1,1,1,1,1,1,1,6,1,0,0,14,0,0,0$0,0,0,0
68,1622,0,0$1,0,0,0,0,0,0,0,1,0$0,0,4,0,0,0$0,0,0,0
69,271,0,0$0,0,0,0,0,0,0,0,0,0$2,0.30314723,0.9397405,1,1,1,1,0,0,0,4,0,0,0.29383048,0.84571147,1,1,1,0,0,0,0,3,0,0,0,0,0,7,0$0,0,0,0
70,5603,0,0$1,0,0,0,0,0,0,0,1,0$2,0.32178065,0.91547495,1,1,1,0,0,0,1,3,1,0,0.32737064,0.79414713,1,1,1,1,1,1,0,0,0,0,0,9,1,0,0$0,0,0,0
71,107,0,0$1,3,0,0,0,1,1,1,1,0$3,0.3180539,0.84571147,1,1,1,1,1,1,1,6,1,0,0.32737064,0.7638153,1,1,1,1,1,1,1,6,1,0,0.33109733,0.681919,1,1,1,0,0,0,0,0,0,0,0,15,2,0,0$0,0,0,0
72,303,0,0$1,0,0,0,0,0,0,0,0,1$2,0.32364398,0.8730102,1,1,1,1,1,1,1,6,1,0,0.30501056,0.5666576,1,1,1,1,1,1,1,6,1,0,0,14,2,0,0$0,0,0,0
73,649,0,0$1,0,0,0,0,0,0,0,1,0$2,0.30501056,0.6849522,1,1,1,1,1,0,0,0,0,0,0.59755534,0.5120601,1,1,1,0,0,0,0,0,0,0,1,0.92177695,0.5120601,1,0,0,0,0,0,0,0,0,8,0$0,0,0,0
74,5585,0,0$0,0,0,0,0,0,0,0,0,0$2,0.61432546,0.46049577,1,1,1,1,0,0,0,0,0,0,0.3124639,0.84571147,1,1,0,0,0,0,0,0,0,0,0,0,0,5,0$0,0,0,0
75,88,0,0$1,0,0,0,0,0,0,0,0,1$1,0.3460041,0.83054554,1,1,1,1,1,0,1,5,1,0,1,0.9143235,0.5181265,0,0,1,1,0,0,0,8,1,0,0$0,0,0,0
76,176,0,0$1,2,0,0,0,1,1,0,1,0$1,0.30128387,0.83054554,1,1,1,0,0,0,0,0,0,0,1,0.92923033,0.5120601,0,0,1,1,0,0,0,0,0,3,0$0,0,0,0
77,230,0,0$1,1,0,0,0,0,0,0,1,0$1,0.29196712,0.8548111,1,1,1,1,1,0,1,5,0,0,1,0.96463376,0.47262856,0,1,1,1,0,0,0,0,0,5,0$0,0,0,0
78,4143,0,0$1,1,0,0,0,0,0,0,1,0$1,0.30501056,0.6758526,1,1,1,0,0,0,1,3,0,0,1,0.91618687,0.5120601,0,0,0,1,0,0,0,0,0,3,0$0,0,0,0
79,228,0,0$0,0,0,0,0,0,0,0,0,0$1,0.31060058,0.8153796,1,1,1,1,0,0,1,4,1,1,1,0.9180503,0.5120601,1,1,1,0,0,0,0,0,1,4,1$0,0,0,0
80,1574,0,0$1,0,0,1,0,0,0,0,1,1$2,0.61432546,0.37556633,1,0,0,0,0,0,0,0,0,0,0.5696051,0.25727177,1,0,0,0,0,0,0,0,0,0,1,0.92923033,0.5120601,1,1,1,0,0,0,0,1,1,2,0$0,0,0,0
81,1114,0,0$1,3,0,0,0,1,1,1,1,0$3,0.6161887,0.114711635,1,1,1,1,1,1,1,6,1,0,0.6180521,0.25120538,1,1,1,1,1,1,1,6,1,0,0.6441389,0.37253317,1,1,1,1,1,1,1,6,1,0,0,0,3,18,0$0,0,0,0
82,2994,0,0$1,0,0,0,0,0,0,0,1,0$5,0.31060058,0.78504765,1,1,0,0,0,0,0,0,0,0,0.3180539,0.6394543,1,0,0,0,0,0,0,0,0,0,0.3255073,0.5120601,1,0,0,0,0,0,0,0,0,0,0.3124639,0.8821099,1,1,0,0,0,0,0,0,0,0,0.33109733,0.9670392,1,0,0,0,0,0,0,0,0,0,0,7,1,0,0$0,0,0,0
83,339,0,0$1,1,0,0,0,0,0,0,1,0$2,0.6087354,0.49689412,1,1,1,1,1,1,1,6,0,0,0.29383048,0.64855385,1,1,0,0,0,0,0,0,0,0,1,0.944137,0.50599366,1,0,0,0,0,0,0,0,0,8,0$0,0,0,0
84,5407,0,0$1,0,0,1,0,0,0,0,1,1$1,0.29383048,0.9397405,0,0,0,0,0,0,1,4,1,0,0,0,1,0,0$0,0,0,0
85,4146,0,0$1,0,0,0,0,0,0,0,1,0$2,0.31060058,0.8366119,1,1,1,0,0,0,0,3,0,0,0.3124639,0.69101864,1,1,1,0,0,0,0,3,0,0,0,11,0,0,0$0,0,0,0
86,2046,0,0$1,0,0,0,0,0,0,0,0,1$0,0,2,0,0,0$0,0,0,0
87,3008,0,0$0,0,0,0,0,0,0,0,0,0$3,0.30873722,0.8123464,1,1,1,0,0,0,0,3,0,0,0.29942054,0.93670726,1,1,0,0,0,0,0,2,0,0,0.30128387,0.52722603,1,0,0,0,0,0,0,1,0,0,0,7,0,0,0$0,0,0,0
88,5046,0,0$1,3,1,0,0,1,1,1,1,0$2,0.31619057,0.91547495,1,1,1,1,1,1,1,6,1,0,0.30873722,0.82144594,1,1,1,1,1,1,0,6,0,0,0,12,2,0,0$0,0,0,0
89,5572,0,0$0,0,0,0,0,0,0,0,0,0$2,0.26960704,0.82144594,1,1,1,1,1,0,0,5,0,0,0.29383048,0.74258286,1,1,1,1,1,0,0,5,0,0,0,10,0,0,0$0,0,0,0
90,4593,0,0$1,0,0,0,0,0,0,0,0,1$1,0.6087354,0.53025925,1,1,0,0,0,0,0,2,0,0,0,0,0,2,0$0,0,0,0
91,948,0,0$1,3,0,0,0,1,1,1,1,0$2,0.3124639,0.8578443,1,1,0,0,0,0,0,0,0,0,0.32178065,0.7820144,1,1,1,0,0,0,1,3,1,0,1,0.91618687,0.47566175,1,1,1,0,0,0,0,5,2,0,0$0,0,0,0
92,3663,0,0$1,0,0,0,0,0,0,0,1,0$2,0.31432724,0.7304501,1,1,1,1,1,1,1,6,1,0,0.30128387,0.5545248,1,1,1,1,1,1,1,6,1,0,0,12,2,0,0$0,0,0,0
93,4061,0,0$1,0,0,0,0,0,0,0,0,1$2,0.6422756,0.11774482,1,1,1,1,1,1,0,0,0,0,0.2956938,0.5211597,1,1,1,1,1,1,1,6,0,0,0,12,1,0,0$0,0,0,0
94,5586,0,0$1,0,0,0,0,0,0,0,1,0$2,0.62736875,0.16324274,0,0,0,0,0,0,1,4,0,0,0.6441389,0.32400206,0,0,0,0,0,0,1,4,0,0,1,0.9124602,0.48779455,1,0,0,0,0,0,0,0,0,0,0$0,0,0,0
95,1305,0,0$0,0,0,0,0,0,0,0,0,0$0,1,0.9310936,0.5150933,1,0,0,0,0,0,0,0,0,1,0$0,0,0,0
96,701,0,0$1,0,0,0,0,0,0,0,0,1$1,0.32737064,0.83054554,1,1,1,1,1,0,1,5,0,0,0,5,2,0,0$0,0,0,0
97,148,0,0$1,3,2,0,0,1,1,1,1,0$3,0.62923217,0.11774482,1,1,1,1,1,1,1,6,1,0,0.6199154,0.25423855,1,1,1,1,1,1,1,6,1,0,0.6329588,0.35130078,1,1,1,1,1,1,1,6,1,0,0,20,3,0,0$0,0,0,0
98,1816,0,0$1,0,0,0,0,0,0,0,0,1$1,0.31991732,0.87604344,0,0,0,0,0,0,1,4,0,0,0,0,1,0,0$0,0,0,0
99,4595,0,0$0,0,0,0,0,0,0,0,0,0$0,0,0,0,0,0$0,0,0,0
100,176,0,0$0,0,0,0,0,0,0,0,0,0$2,0.3255073,0.84267825,1,1,1,1,1,1,1,6,1,0,0.3124639,0.7183174,1,1,1,1,1,0,1,5,1,0,0,11,2,0,0$0,0,0,0
101,176,0,0$1,2,0,0,0,0,0,0,1,0$1,0.29942054,0.83357877,0,0,0,0,0,0,1,4,1,0,1,0.98326725,0.53632563,1,1,1,1,0,0,0,0,1,0,0$0,0,0,0
102,5586,0,0$1,0,0,0,0,0,0,0,1,0$1,0.6180521,0.49386096,1,1,0,0,0,0,0,2,0,1,0,0,0,2,0$0,0,0,0
103,4355,0,0$1,0,0,0,0,0,0,0,1,0$3,0.29942054,0.9549065,1,1,1,0,0,0,0,3,0,0,0.2901038,0.8517779,1,1,1,0,0,0,0,3,0,0,0.29755715,0.7698816,1,0,0,0,0,0,0,1,0,0,0,7,0,0,0$0,0,0,0
104,1114,0,0$1,0,0,0,0,0,0,0,0,1$2,0.6199154,0.09347926,1,1,1,1,1,1,1,6,1,0,0.59755534,0.229973,1,1,1,1,1,1,1,6,1,0,0,0,1,17,0$0,0,0,0
105,708,0,0$0,0,0,0,0,0,0,0,0,0$1,0.31991732,0.45442942,1,1,1,0,0,0,0,3,0,0,0,6,0,0,0$0,0,0,0
106,1574,0,0$1,0,0,2,0,0,0,0,0,1$2,0.29755715,0.9518733,1,1,1,1,1,0,1,5,1,0,0.30128387,0.83054554,1,1,1,1,1,0,1,5,1,0,0,10,0,0,0$0,0,0,0
107,1622,0,0$1,0,0,0,0,0,0,0,1,0$2,0.31432724,0.9518733,1,1,0,0,0,0,1,3,1,0,0.29942054,0.8093132,1,0,0,0,0,0,1,3,0,0,0,4,0,0,0$0,0,0,0
108,4143,0,0$1,0,0,1,0,0,0,0,0,1$4,0.61432546,0.096512444,1,1,0,0,0,0,0,2,0,0,0.6087354,0.22693984,1,1,1,0,0,0,0,3,0,0,0.59941864,0.5211597,1,0,0,0,0,0,0,1,0,0,0.29755715,0.8972758,0,0,0,0,0,0,1,4,0,0,0,0,0,6,0$0,0,0,0
109,2557,0,0$1,0,0,1,0,0,0,0,1,0$1,0.64786553,0.41196468,1,0,0,0,0,0,0,1,0,0,1,0.92177695,0.49689412,1,0,0,0,0,0,0,0,0,3,0$0,0,0,0
110,3452,0,0$1,2,0,0,0,0,0,0,1,0$2,0.31619057,0.86391073,1,1,1,1,0,0,0,0,0,0,0.31991732,0.7547157,1,1,1,1,0,0,1,4,1,0,0,0,0,6,0$0,0,0,0
111,3937,0,0$1,0,0,0,0,0,0,0,0,1$2,0.30873722,0.86997706,1,1,1,1,1,1,1,6,1,0,0.28637713,0.791114,1,1,1,1,1,1,1,6,1,0,0,16,2,0,0$0,0,0,0
112,379,0,0$1,3,0,0,0,1,1,1,1,0$1,0.33109733,0.9094086,1,1,1,1,1,1,0,0,0,0,0,9,1,0,0$0,0,0,0
113,649,0,0$1,0,0,0,0,0,0,0,1,0$3,0.3124639,0.83357877,1,1,1,0,0,0,1,3,0,0,0.3255073,0.9276078,1,1,1,1,1,0,0,0,0,0,0.2845138,0.75168246,1,1,1,0,0,0,0,0,0,0,0,11,0,0,0$0,0,0,0
114,341,0,0$0,0,0,0,0,0,0,0,0,0$2,0.60687196,0.35130078,1,1,1,1,1,0,0,0,0,0,0.29755715,0.7698816,1,1,0,0,0,0,0,0,0,0,0,0,0,7,0$0,0,0,0
115,5585,0,0$0,0,0,0,0,0,0,0,0,0$1,0.6329588,0.49689412,1,1,1,0,0,0,0,0,0,0,1,0.96463376,0.5029605,1,0,0,0,0,0,0,0,0,3,0$0,0,0,0
116,708,0,0$1,0,0,0,0,0,0,0,0,1$1,0.3180539,0.6970849,0,0,0,0,0,0,1,4,0,0,1,0.9180503,0.49689412,0,0,0,1,0,0,0,0,0,0,0$0,0,0,0
117,3937,0,0$1,0,0,0,0,0,0,0,0,1$3,0.30128387,0.87604344,1,1,1,1,1,1,1,6,1,0,0.31060058,0.7789812,1,1,1,1,1,1,1,6,1,0,0.29942054,0.6424875,1,1,1,1,1,0,1,5,0,0,0,17,2,0,0$0,0,0,0
118,4498,0,0$0,0,0,0,0,0,0,0,0,0$1,0.31060058,0.9822053,1,1,1,1,0,0,0,0,0,0,0,6,1,0,0$0,0,0,0
119,4593,0,0$1,0,0,0,0,0,0,0,0,1$0,1,0.94972706,0.4999273,1,1,0,0,0,0,0,0,0,0,1$0,0,0,0
120,5737,0,0$0,0,0,0,0,0,0,0,0,0$1,0.3180539,0.8881762,1,1,0,0,0,0,0,0,0,0,0,6,0,0,0$0,0,0,0
121,5472,0,0$1,0,0,0,0,0,0,0,1,0$1,0.29196712,0.9397405,1,0,0,0,0,0,0,0,0,0,1,0.91618687,0.49386096,1,0,0,0,0,0,0,3,0,0,0$0,0,0,0
122,702,0,0$0,0,0,0,0,0,0,0,0,0$2,0.29755715,0.7183174,1,1,1,0,0,0,0,0,0,0,0.29942054,0.9063754,1,1,0,0,0,0,0,0,0,0,0,3,0,0,0$0,0,0,0
123,228,0,0$0,0,0,0,0,0,0,0,0,0$2,0.29383048,0.8366119,1,1,1,1,1,1,1,6,0,0,0.30501056,0.7183174,1,1,1,1,1,1,1,6,0,0,0,12,0,0,0$0,0,0,0
124,1305,0,0$1,0,0,0,0,0,0,0,0,1$2,0.6161887,0.4058983,1,1,0,0,0,0,1,2,0,0,0.6105987,0.5120601,1,0,0,0,0,0,1,1,1,0,0,0,1,3,0$0,0,0,0
125,4146,0,0$0,0,0,0,0,0,0,0,0,0$2,0.29383048,0.91244185,1,1,1,1,1,1,0,0,0,0,0.29383048,0.78504765,1,1,1,1,0,0,0,0,0,0,0,10,0,0,0$0,0,0,0
126,3495,0,0$1,0,0,0,0,0,0,0,0,1$2,0.29755715,0.91547495,1,1,1,1,1,0,1,5,1,0,0.31619057,0.58485675,1,1,1,0,0,0,0,0,0,0,0,0,1,9,0$0,0,0,0
127,1923,0,0$0,0,0,0,0,0,0,0,0,0$2,0.6161887,0.3482676,1,1,1,0,0,0,0,0,0,0,0.61246204,0.48779455,1,1,0,0,0,0,0,0,0,0,0,0,0,5,0$0,0,0,0

1,4909,1,0$0,0,0,0,0,0,0,0,0,0$2,0.34786743,0.9488401,1,1,1,1,1,1,1,6,1,0,0.6441389,0.5605912,1,0,0,0,0,0,0,0,0,0,1,0.10004289,0.11774482,0,0,0,0,0,0,0,8,1,0,0$0,0,0,0
2,107,1,0$1,3,0,0,0,1,1,1,1,0$3,0.3460041,0.8881762,1,1,1,1,1,1,1,6,1,0,0.34973076,0.9518733,1,1,1,1,1,1,0,0,0,0,0.62736875,0.5241929,1,1,1,1,1,0,0,0,0,0,0,17,1,0,0$0,0,0,0
3,3495,1,0$1,0,0,0,0,0,0,0,0,1$2,0.6534556,0.14504355,1,1,1,1,0,0,1,4,1,0,0.64786553,0.4180311,1,1,1,0,0,0,0,0,0,0,0,0,1,7,0$0,0,0,0
4,4355,1,0$1,0,0,0,0,0,0,0,1,0$3,0.8379265,0.22087343,0,0,0,0,0,0,0,0,0,0,0.34786743,0.120778,0,0,0,0,0,0,0,0,0,0,0.66277236,0.102578856,1,1,1,0,0,0,0,0,0,0,0,5,0,0,0$0,0,0,0
5,230,1,0$1,0,0,0,0,0,0,0,0,1$3,0.34973076,0.60002273,0,0,0,0,0,0,0,0,0,0,0.3460041,0.48476133,1,1,1,1,1,0,0,0,0,0,0.64786553,0.28457052,0,0,0,0,0,0,1,5,0,0,1,0.08699947,0.53935885,1,1,1,0,0,0,0,0,0,5,0$0,0,0,0
6,1156,1,0$1,0,0,1,0,0,0,0,0,0$2,0.672089,0.5090269,1,1,1,1,1,1,1,6,1,0,0.64600223,0.4210643,1,1,0,0,0,0,0,0,0,0,1,0.14848977,0.11774482,0,0,0,0,0,0,0,8,1,0,0$0,0,0,0
7,5737,1,0$1,1,0,0,0,0,0,0,0,0$2,0.655319,0.46049577,1,1,0,0,0,0,0,0,0,0,0.6348222,0.39679873,0,0,0,0,0,0,0,0,0,0,0,3,0,0,0$0,0,0,0
8,4613,1,0$1,3,2,0,0,1,1,1,1,0$2,0.37022752,0.92154133,1,1,1,1,1,1,1,6,0,0,0.6515922,0.5211597,1,1,1,1,1,1,1,6,1,0,0,12,1,0,0$0,0,0,0
9,3309,1,0$1,0,0,0,0,0,0,0,0,1$3,0.6814057,0.42713067,1,1,1,1,1,0,1,5,1,0,0.6329588,0.16324274,1,1,1,1,1,0,1,5,1,0,0.37581754,0.8821099,1,1,1,1,0,0,1,4,0,0,0,0,1,14,0$0,0,0,0
10,1574,1,0$1,0,0,1,0,0,0,0,0,0$3,0.38513428,0.7243837,1,1,1,1,1,0,1,5,1,0,0.3907243,0.8821099,1,1,1,1,1,0,1,5,1,0,0.655319,0.5454253,1,1,0,0,0,0,0,0,0,0,0,13,2,0,0$0,0,0,0
11,5046,1,0$0,0,0,0,0,0,0,0,0,0$2,0.6683623,0.42713067,1,1,1,1,1,1,1,6,1,0,0.6571823,0.32400206,1,1,1,1,1,1,1,6,1,0,0,12,2,0,0$0,0,0,0
12,3937,1,0$1,0,0,0,0,0,0,0,0,1$2,0.67767906,0.49386096,1,1,1,1,1,1,1,6,0,0,0.64786553,0.39376554,1,1,1,1,1,1,1,6,0,0,0,12,0,0,0$0,0,0,0
13,369,1,0$1,0,0,0,0,0,0,0,1,0$2,0.34973076,0.5484584,1,1,1,1,0,0,0,0,0,0,0.8658766,-5.497802E-4,0,0,0,0,0,0,0,0,0,0,0,0,1,6,0$0,0,0,0
14,57,1,0$0,0,0,0,0,0,0,0,0,0$2,0.6683623,0.4695954,1,1,1,0,0,0,0,0,0,0,0.34786743,0.87604344,1,1,1,0,0,0,0,0,0,0,1,0.07581944,0.56362444,1,1,0,0,0,0,0,0,0,8,0$0,0,0,0
15,1622,1,0$0,0,0,0,0,0,0,0,0,0$1,0.67395234,0.42713067,1,1,1,1,1,1,0,0,0,0,0,6,1,0,0$0,0,0,0
16,900,1,0$0,0,0,0,0,0,0,0,0,0$1,0.34786743,0.9670392,1,1,0,0,0,0,0,0,0,0,0,2,0,0,0$0,0,0,0
17,5586,1,0$1,0,0,0,0,0,0,0,0,1$2,0.3422774,0.53025925,1,0,0,0,0,0,0,0,0,0,0.3627742,0.448363,1,0,0,0,0,0,0,0,0,0,1,0.0068757357,0.5545248,0,0,0,1,0,0,0,0,0,2,0$0,0,0,0
18,5654,1,0$0,0,0,0,0,0,0,0,0,0$1,0.36650085,0.8487447,1,1,1,0,0,0,1,3,0,0,0,5,0,0,0$0,0,0,0
19,5472,1,0$1,0,0,0,0,0,0,0,1,0$3,0.26588035,0.102578856,0,0,0,0,0,0,0,0,0,0,0.35345745,0.9063754,1,1,1,1,0,0,0,0,0,0,0.6814057,0.3573672,1,1,0,0,0,0,0,0,0,0,0,6,0,0,0$0,0,0,0
20,4653,1,0$1,1,0,0,0,0,0,0,1,0$1,0.29942054,0.57879037,1,1,0,0,0,0,0,0,0,0,1,0.051595945,0.50599366,1,1,0,0,0,0,0,0,0,4,0$0,0,0,0
21,228,1,0$1,0,0,0,0,0,0,0,1,0$1,0.38140762,0.58788997,1,0,0,0,0,0,0,0,0,0,1,0.06463936,0.49689412,1,0,0,0,0,0,0,0,0,1,0$1,0,0,0
22,1816,1,0$1,0,0,0,0,0,0,0,0,1$2,0.36650085,0.8608775,1,0,0,0,0,0,0,0,0,0,0.34786743,0.7698816,1,1,1,0,0,0,1,3,0,0,0,0,0,6,0$0,0,0,0
23,4355,1,0$1,0,0,0,0,0,0,0,1,0$0,0,3,0,0,0$0,0,0,0
24,3452,1,0$1,0,0,0,0,0,0,0,0,1$2,0.666499,0.3573672,1,1,1,1,0,0,1,4,0,0,0.64600223,0.27547094,1,1,1,1,0,0,0,0,0,0,0,0,0,6,0$0,0,0,0
25,649,1,0$1,0,0,0,0,0,0,0,1,0$2,0.67581576,0.3422012,1,1,1,1,0,0,0,5,0,0,0.36650085,0.6455206,1,1,1,1,0,0,0,0,0,0,0,0,0,8,0$0,0,0,0
26,303,1,0$0,0,0,0,0,0,0,0,0,0$1,0.3515941,0.5696908,1,1,1,1,1,0,0,0,0,0,0,0,0,5,0$0,0,0,0
27,1923,1,0$0,0,0,0,0,0,0,0,0,0$2,0.38327095,0.95793974,1,1,1,1,1,0,1,5,1,0,0.34786743,0.8275123,1,1,1,1,1,0,1,5,0,0,0,9,0,1,0$0,0,0,0
28,5737,1,0$1,0,0,0,0,0,0,0,1,0$0,0,4,0,0,0$0,0,0,0
29,3309,1,0$1,0,0,0,0,0,0,0,0,1$3,0.6571823,0.27547094,1,1,1,1,1,0,1,5,1,0,0.6534556,0.48779455,1,1,1,1,0,0,1,4,0,0,0.37581754,0.65462023,1,1,1,0,0,0,1,3,0,0,0,0,1,12,0$0,0,0,0
30,4653,1,0$1,1,0,0,0,0,0,0,1,0$4,0.3907243,0.92457455,1,1,0,0,0,0,0,0,0,0,0.39817765,0.8002136,1,1,0,0,0,0,0,0,0,0,0.4037677,0.6697863,1,1,0,0,0,0,0,0,0,0,0.37581754,0.57272404,1,0,0,0,0,0,0,0,0,0,0,0,0,7,0$0,0,0,0
31,3937,1,0$1,0,0,0,0,0,0,0,0,0$3,0.67581576,0.44532984,1,1,1,1,1,1,1,6,1,0,0.6534556,0.5484584,1,1,1,1,1,1,1,6,1,0,0.655319,0.339168,1,1,1,1,1,1,0,0,0,0,0,18,0,0,0$0,0,0,0
32,4468,1,0$0,0,0,0,0,0,0,0,0,0$3,0.34041408,0.89120936,1,1,1,1,1,0,0,0,0,0,0.34414074,0.82144594,1,1,1,0,0,0,0,0,0,0,0.64600223,0.31490245,1,1,1,1,1,0,0,0,0,1,0,0,0,0,0$0,0,0,0
33,3452,1,0$1,0,0,0,0,0,0,0,1,0$2,0.672089,0.5029605,1,1,1,1,0,0,0,0,0,0,0.666499,0.43319702,1,1,1,1,0,0,0,0,0,0,0,0,0,2,0$0,0,0,0
34,2994,1,0$0,0,0,0,0,0,0,0,0,0$2,0.6646356,0.5090269,1,1,1,1,0,0,1,4,1,0,0.3739542,0.8548111,1,0,0,0,0,0,0,0,0,0,0,5,0,0,0$0,0,0,0
35,1318,1,0$1,0,2,0,0,0,0,0,1,0$3,0.32737064,0.62428826,1,1,1,1,1,1,1,6,0,0,0.6702257,0.20570745,1,1,1,1,1,1,1,6,0,0,0.3460041,0.463529,1,1,1,0,0,0,0,0,0,0,0,0,0,0,15$0,0,0,0
36,56,1,0$0,0,0,0,0,0,0,0,0,0$3,0.3627742,0.7668485,1,1,1,1,1,0,1,5,1,0,0.672089,0.57272404,1,1,1,1,1,0,1,5,1,0,0.66090894,0.43623024,1,1,0,0,0,0,1,2,1,0,0,12,0,0,0$0,0,0,0
37,708,1,0$0,0,0,0,0,0,0,0,0,0$2,0.34786743,0.8821099,1,1,1,1,0,0,1,4,0,0,0.66277236,0.53632563,1,1,1,0,0,0,0,0,0,0,0,7,0,0,0$0,0,0,0
38,1622,1,0$0,0,0,0,0,0,0,0,0,0$0,0,3,0,0,0$0,0,0,0
39,948,1,0$1,0,0,0,0,1,1,0,0,0$1,0.36650085,0.8396451,1,1,1,1,0,0,0,0,0,1,1,0.025509166,0.5029605,1,1,1,0,0,0,0,4,0,0,0$0,0,0,0
40,900,1,0$0,0,0,0,0,0,0,0,0,0$1,0.66277236,0.23907258,0,0,0,0,0,0,1,4,1,0,0,0,0,0,0$0,0,0,0
41,4450,1,0$0,0,0,0,0,0,0,0,0,0$2,0.66277236,0.5120601,1,1,1,1,1,1,1,6,1,0,0.6441389,0.26333812,1,1,1,0,0,0,0,0,0,0,0,9,0,0,0$0,0,0,0
42,4595,1,0$0,0,0,0,0,0,0,0,0,0$0,0,2,0,0,0$0,0,0,0
43,1506,1,0$1,0,1,0,0,0,0,0,0,0$1,0.67395234,0.5029605,1,1,1,1,0,0,0,0,0,0,1,0.025509166,0.5120601,0,1,1,1,0,0,0,9,0,0,0$0,0,0,0
44,610,1,0$1,0,0,0,0,0,0,0,0,0$1,0.3571841,0.5969895,0,0,0,0,0,0,1,4,0,0,0,0,0,0,0$0,0,0,0
45,2994,1,0$0,0,0,0,0,0,0,0,0,0$2,0.35532078,0.8153796,1,1,1,1,0,0,0,0,0,0,0.6534556,0.49689412,1,1,1,1,0,0,0,0,0,0,0,8,0,0,0$0,0,0,0
46,1305,1,0$1,0,0,0,0,0,0,0,0,0$0,0,0,0,0,0$0,0,0,0
47,230,1,0$1,0,0,0,0,1,1,1,0,0$2,0.6348222,0.4180311,1,1,1,1,1,0,1,5,0,0,0.35345745,0.9276078,1,1,1,1,0,0,1,4,1,1,0,0,1,5,0$0,0,0,0
48,4080,1,0$0,0,0,0,0,0,0,0,0,0$1,0.35904744,0.58788997,1,0,0,0,0,0,0,0,0,1,0,0,0,1,0$0,0,0,0
49,4143,1,0$1,0,0,0,0,0,0,0,0,0$1,0.38140762,0.56362444,1,1,1,1,1,1,1,6,0,0,1,0.0665027,0.53632563,0,0,1,1,0,0,0,0,0,5,0$0,0,0,0
50,1319,1,0$0,0,0,0,0,0,0,0,0,0$1,0.35345745,0.8821099,1,1,1,1,0,0,1,4,0,0,0,9,0,0,0$0,0,0,0
51,5572,1,0$0,0,0,0,0,0,0,0,0,0$1,0.37581754,0.5454253,1,1,0,0,0,0,0,0,0,0,1,0.07954612,0.49386096,1,1,1,0,0,0,0,0,0,1,0$0,0,0,0
52,1318,1,0$1,0,0,1,0,0,0,0,0,0$3,0.37209088,0.67888576,1,1,0,0,0,0,0,0,0,0,0.6702257,0.21480702,1,1,1,1,1,0,1,5,0,0,0.3460041,0.8123464,1,1,1,0,0,0,0,0,0,0,0,0,0,10,0$0,0,0,0
53,5586,1,0$1,0,0,0,0,0,0,0,1,0$1,0.34786743,0.83054554,0,0,0,0,0,0,1,4,1,0,0,0,0,0,0$0,0,0,0
54,701,1,0$1,0,0,0,0,0,0,0,0,0$3,0.33296067,0.8730102,1,1,1,1,1,0,1,5,1,0,0.334824,0.71528417,1,1,1,1,0,0,0,0,0,0,0.28824046,0.5666576,1,1,1,1,0,0,0,0,0,0,0,15,0,0,0$0,0,0,0
55,3008,1,0$1,0,0,0,0,0,0,0,1,0$3,0.35345745,0.88514304,1,1,1,0,0,0,1,3,1,0,0.6571823,0.48779455,1,1,1,0,0,0,0,0,0,0,0.6497289,0.33310163,1,1,0,0,0,0,0,0,0,0,0,8,0,0,0$0,0,0,0
56,4593,1,0$1,1,0,0,0,0,0,0,1,0$0,0,0,0,0,0$0,0,0,0
57,369,1,0$0,0,0,0,0,0,0,0,0,0$2,0.34973076,0.8972758,1,1,1,1,0,0,0,0,0,0,0.35532078,0.5211597,0,1,1,1,1,0,0,0,0,0,0,9,0,0,0$0,0,0,0
58,70,1,0$1,0,0,0,0,0,0,0,1,0$2,0.8453798,0.120778,0,0,0,0,0,0,0,0,0,0,0.67767906,0.31490245,1,1,1,1,1,1,1,6,0,0,1,0.051595945,0.5454253,0,0,0,1,0,0,0,0,0,6,0$0,0,0,0
59,4653,1,0$1,0,0,0,0,0,0,0,0,1$1,0.6571823,0.43926343,1,0,0,0,0,0,0,0,0,0,0,3,0,0,0$0,0,0,0
60,5046,1,0$1,3,0,0,0,1,1,1,1,0$2,0.66277236,0.50599366,1,1,1,1,1,1,1,6,1,0,0.64786553,0.4058983,1,1,1,1,1,1,1,6,1,0,0,12,2,0,0$0,0,0,0
61,1114,1,0$1,3,0,0,0,1,1,1,1,0$2,0.3515941,0.8881762,1,1,1,1,1,1,1,6,1,0,0.3460041,0.75168246,1,1,1,1,1,1,1,6,0,0,1,0.008739073,0.5666576,1,0,0,0,0,0,0,0,1,12,0$0,0,0,0
62,2046,1,0$1,0,1,1,0,0,0,0,1,0$3,0.67395234,0.3573672,0,0,0,0,0,0,0,0,0,0,0.672089,0.43016386,1,1,0,0,0,0,0,0,0,0,0.83978987,0.005516632,0,0,0,0,0,0,0,0,0,0,0,0,0,3,0$0,0,0,0
63,5585,1,0$0,0,0,0,0,0,0,0,0,0$2,0.38327095,0.5545248,1,1,1,0,0,0,0,0,0,0,0.3907243,0.48779455,0,0,0,0,0,0,0,0,0,0,0,0,0,2,0$0,0,0,0
64,4468,1,0$1,1,0,0,0,0,0,0,1,0$4,0.45035127,0.36949998,0,0,0,0,0,0,0,0,0,0,0.34786743,0.78504765,1,1,1,1,0,0,0,0,0,0,0.34786743,0.86391073,1,1,1,1,0,0,0,0,0,0,0.6534556,0.32400206,1,1,1,1,1,0,0,0,0,0,1,0.0068757357,0.16020954,0,0,0,0,0,0,0,0,0,16,0$0,0,0,0
65,1318,1,0$1,0,0,0,0,0,0,0,0,0$2,0.39258763,0.73651654,1,1,1,1,1,1,0,0,0,0,0.37581754,0.5120601,1,1,1,1,0,0,1,4,0,0,0,0,0,10,0$0,0,0,0
66,228,1,0$0,0,0,0,0,0,0,0,0,0$2,0.64786553,0.5120601,1,1,1,1,1,1,1,6,1,0,0.37581754,0.8153796,1,1,1,1,0,0,0,0,0,0,0,10,1,0,0$0,0,0,0
67,3193,1,0$1,0,0,1,0,0,0,0,1,0$1,0.37581754,0.42713067,1,0,0,0,0,0,0,0,0,0,0,0,0,1,0$0,0,0,1
68,1156,1,0$1,0,1,0,0,0,0,0,1,0$2,0.35904744,0.7243837,1,1,1,1,1,0,1,5,0,0,0.3460041,0.63338786,1,1,1,0,0,0,1,0,0,0,0,0,0,8,0$0,0,0,0
69,123,1,0$1,0,0,0,0,0,0,0,1,0$0,1,0.027372502,0.52722603,1,1,1,0,0,0,0,0,0,1,0$0,0,0,0
70,2457,1,0$0,0,0,0,0,0,0,0,0,0$3,0.329234,0.53632563,1,0,0,0,0,0,0,0,0,0,0.6869958,0.43623024,1,1,1,1,1,1,1,6,1,0,0.32178065,0.7092177,1,1,1,1,0,0,0,0,0,0,0,12,1,0,0$0,0,0,0
72,3452,1,0$0,0,0,0,0,0,0,0,0,0$2,0.65904564,0.42713067,1,1,1,1,0,0,1,4,1,0,0.6646356,0.5090269,1,1,1,1,0,0,0,0,0,0,0,0,1,4,0$0,0,0,0
73,4595,1,0$0,0,0,0,0,0,0,0,0,0$0,0,0,0,0,0$0,0,0,0
74,948,1,0$1,3,0,0,0,1,1,1,1,0$1,0.37209088,0.88514304,1,1,1,1,0,0,0,0,0,0,0,4,1,0,0$0,0,0,0
75,379,1,0$1,2,0,0,0,1,1,0,1,0$1,0.6348222,0.5454253,1,1,1,1,1,0,1,5,0,0,0,6,0,0,0$0,0,0,0
76,2046,1,0$1,0,0,0,0,0,0,0,1,0$2,0.36650085,0.5211597,1,0,0,0,0,0,0,0,0,0,0.6832691,0.3482676,1,1,1,1,0,0,0,0,0,0,0,0,0,6,0$0,0,0,0
77,1156,1,0$1,0,0,0,0,0,0,0,1,1$2,0.65904564,0.14807676,1,1,1,1,1,0,1,5,0,0,0.67395234,0.25120538,1,1,1,0,0,0,1,3,1,0,0,0,0,8,0$0,0,0,0
78,4613,1,0$1,0,2,0,0,1,1,0,0,0$3,0.67767906,0.5120601,1,1,1,1,1,1,1,6,0,0,0.32178065,0.92457455,1,1,1,1,1,1,0,0,0,0,0.66277236,0.4058983,1,1,1,1,0,0,0,0,0,0,0,16,0,0,0$1,0,0,0
79,120,1,0$1,1,0,0,0,0,0,1,1,0$1,0.38140762,0.8942426,1,1,1,1,1,0,1,5,1,0,0,5,2,0,0$0,0,0,0
80,2457,1,0$1,0,0,0,0,0,0,0,0,0$1,0.35904744,0.63338786,1,1,1,1,0,0,0,0,0,0,0,5,1,0,0$0,0,0,0
81,1506,1,0$0,0,0,0,0,0,0,0,0,0$1,0.6646356,0.5181265,1,1,1,1,1,0,1,5,0,0,0,6,1,0,0$0,0,0,0
82,5586,1,0$1,0,0,0,0,0,0,0,0,1$0,1,0.03482591,0.5150933,0,0,0,1,0,0,0,0,0,0,0$0,0,0,0
83,4909,1,0$0,0,0,0,0,0,0,0,0,0$1,0.38140762,0.70618457,1,1,0,0,0,0,0,0,0,0,1,0.023645828,0.53025925,0,1,1,1,0,0,0,0,0,2,0$0,0,0,0
84,123,1,0$0,0,0,0,0,0,0,0,0,0$0,0,0,0,0,0$0,0,0,0
85,610,1,0$1,0,0,0,0,0,0,0,0,0$2,0.3571841,0.86391073,1,1,1,1,0,0,0,0,0,0,0.66090894,0.3846659,1,1,0,0,0,0,0,0,0,0,0,8,0,0,0$0,0,0,0
86,5585,1,0$0,0,0,0,0,0,0,0,0,0$3,0.33296067,0.7213505,1,1,0,0,0,0,0,0,0,1,0.6348222,0.084379666,1,1,0,0,0,0,0,0,0,0,0.33296067,0.8184127,1,0,0,0,0,0,0,0,0,0,0,0,0,5,0$0,0,0,0
87,1305,1,0$0,0,0,0,0,0,0,0,0,0$2,0.34786743,0.775948,0,0,0,0,0,0,1,4,1,0,0.334824,0.5241929,0,0,0,0,0,0,1,4,0,0,0,0,1,0,0$0,0,0,0
88,5737,1,0$0,0,0,0,0,0,0,0,0,0$1,0.31991732,0.79718035,1,1,0,0,0,0,0,0,0,1,0,2,0,0,0$0,0,0,0
89,5603,1,0$1,0,0,0,0,0,0,0,1,0$2,0.64041215,0.4695954,1,1,1,0,0,0,0,0,0,0,0.57892185,0.3846659,1,1,1,0,0,0,0,0,0,0,0,7,0,0,0$0,0,0,0
90,4048,1,0$0,0,0,0,0,0,0,0,0,0$1,0.666499,0.5181265,1,1,1,1,0,0,0,0,0,0,0,4,0,0,0$0,0,0,0
91,610,1,0$0,0,0,0,0,0,0,0,0,0$1,0.36463752,0.5484584,1,1,1,0,0,0,0,0,0,0,1,0.04786927,0.5181265,0,0,0,1,0,0,0,0,0,4,0$0,0,0,0
92,1086,1,0$1,0,0,0,0,0,0,0,1,0$3,0.655319,0.08134648,1,1,1,1,0,0,0,0,0,0,0.65904564,0.20570745,1,1,1,1,0,0,0,0,0,0,0.6683623,0.32400206,1,1,1,1,0,0,0,0,0,0,0,0,0,8,0$0,0,0,0
93,3959,1,0$1,0,1,0,0,0,0,0,1,0$1,0.37581754,0.5029605,1,1,1,1,0,0,1,4,0,0,0,0,0,4,0$0,0,0,0
94,2996,1,0$1,0,1,0,0,0,0,0,1,0$2,0.3515941,0.8275123,1,1,1,1,0,0,1,4,0,0,0.3422774,0.49689412,1,1,1,1,0,0,0,0,0,0,0,0,0,8,0$0,0,0,0
95,702,1,0$1,0,0,0,0,0,0,0,1,0$2,0.6702257,0.48779455,1,1,0,0,0,0,0,0,0,0,0.34041408,0.52722603,1,1,0,0,0,0,0,0,0,0,0,0,0,4,0$0,0,0,0
96,2594,1,0$0,0,0,0,0,0,0,0,0,0$4,0.3422774,0.57272404,1,1,1,1,0,0,0,0,0,0,0.3385507,0.6758526,1,1,1,1,0,0,0,0,0,0,0.666499,0.38163275,1,1,1,0,0,0,0,0,0,0,0.672089,0.28457052,1,1,1,0,0,0,0,0,0,0,0,0,0,14,0$0,0,0,0
97,3937,1,0$1,0,0,0,0,0,0,0,0,0$3,0.6515922,0.19660787,1,1,1,1,1,1,0,6,0,0,0.66277236,0.34523442,1,1,1,1,1,1,1,6,0,0,0.65904564,0.4695954,1,1,1,1,1,1,1,6,0,0,0,18,0,0,0$0,0,0,0
98,2994,1,0$1,0,0,0,0,0,0,0,1,0$0,1,0.04786927,0.5120601,1,1,0,0,0,0,0,2,0,0,0$0,0,0,0
99,1318,1,0$1,0,2,2,0,0,0,0,1,0$3,0.3460041,0.8244791,1,1,1,1,1,1,1,6,0,0,0.3385507,0.6455206,1,0,0,0,0,0,0,1,0,1,0.31991732,0.57575715,1,0,0,0,0,0,0,1,0,0,0,0,0,10,0$0,0,0,0
100,5585,1,0$1,0,0,0,0,0,0,0,1,0$1,0.33668736,0.57272404,1,0,0,0,0,0,0,1,0,0,1,0.04600593,0.5029605,1,1,0,0,0,0,0,0,0,3,0$0,0,0,0
101,1923,1,0$0,0,0,0,0,0,0,0,0,0$0,0,0,0,0,0$0,0,0,0
102,379,1,0$1,0,0,0,0,0,0,0,1,0$3,0.6534556,0.5545248,1,1,1,1,1,1,1,6,0,0,0.6497289,0.4695954,1,0,0,0,0,0,0,0,0,1,0.6534556,0.3846659,1,0,0,0,0,0,0,0,0,0,1,0.044142596,0.5332925,1,0,0,0,0,0,0,8,0,0,0$0,0,0,0
103,3008,1,0$1,0,0,0,0,0,0,0,0,0$3,0.6814057,0.2481722,1,1,0,0,0,0,1,2,1,0,0.6702257,0.37253317,1,0,0,0,0,0,0,1,0,0,0.666499,0.11774482,1,0,0,0,0,0,0,1,0,0,0,4,0,0,0$0,0,0,0
104,2994,1,0$1,0,0,0,0,0,0,0,0,0$2,0.64786553,0.48779455,1,1,1,1,0,0,1,4,1,0,0.329234,0.8153796,1,1,1,1,0,0,0,4,0,0,0,8,0,0,0$0,0,0,0
105,3495,1,0$1,0,0,0,0,0,0,0,0,0$2,0.65904564,0.25727177,1,1,1,1,1,0,1,5,1,0,0.34786743,0.70618457,1,1,1,0,0,0,0,3,0,0,0,0,0,8,0$0,0,0,0
106,3974,1,0$1,0,0,2,0,0,0,0,1,0$2,0.3422774,0.92457455,1,1,1,1,0,0,1,4,1,0,0.33109733,0.7880808,0,0,0,0,0,0,1,1,0,0,0,0,0,4,0$0,0,0,0
107,1305,1,0$1,0,0,1,0,0,0,0,1,0$3,0.3385507,0.9397405,0,0,0,0,0,0,1,4,1,0,0.3255073,0.8548111,0,0,0,0,0,0,1,4,1,0,0.33109733,0.7304501,0,0,0,0,0,0,1,3,0,0,0,0,0,0,0$0,0,0,0
108,2457,1,0$1,0,0,0,0,0,0,0,0,0$1,0.6534556,0.32703522,1,1,1,1,0,0,0,0,0,0,0,4,0,0,0$0,0,0,0
109,57,1,0$0,0,0,0,0,0,0,0,0,0$2,0.64786553,0.5029605,1,1,1,1,1,1,0,6,0,0,0.334824,0.73651654,1,1,0,0,0,0,0,2,0,0,1,0.04600593,0.5029605,1,1,1,0,0,0,0,0,0,8,0$0,0,0,0
110,5472,1,0$1,0,0,0,0,0,0,0,0,0$2,0.34786743,0.8487447,1,1,1,0,0,0,0,3,0,0,0.34786743,0.9549065,1,1,0,0,0,0,0,2,0,0,1,0.051595945,0.5150933,1,0,0,0,0,0,0,5,0,0,0$0,0,0,0
111,271,1,0$0,0,0,0,0,0,0,0,0,0$3,0.34041408,0.49689412,1,1,1,1,0,0,0,0,0,0,0.35345745,0.6364211,1,1,1,0,0,0,0,0,0,0,0.334824,0.8730102,1,1,1,0,0,0,0,0,0,0,0,0,0,10,0$0,0,0,0
112,123,1,0$1,0,0,0,0,0,0,0,0,0$2,0.67581576,0.5211597,1,1,1,1,0,0,1,4,1,0,0.34786743,0.775948,1,1,1,1,0,0,0,0,0,0,0,8,1,0,0$1,0,0,0
113,1156,1,0$1,0,0,0,0,0,0,0,1,0$4,0.6646356,0.10561204,1,1,1,0,0,0,0,0,0,0,0.6646356,0.23907258,1,1,1,0,0,0,0,0,0,0,0.65904564,0.3573672,1,1,1,0,0,0,0,0,0,0,0.3571841,0.5029605,1,1,0,0,0,0,0,0,0,0,0,0,0,11,0$0,0,0,0
114,1318,1,0$1,0,2,0,0,0,0,0,1,0$1,0.6515922,0.09044608,1,1,1,1,1,1,1,6,0,1,0,0,0,6,0$0,0,0,0
115,1574,1,0$1,0,1,2,0,0,0,0,0,0$2,0.6832691,0.4180311,0,0,0,0,0,0,1,4,0,0,0.655319,0.23907258,0,0,0,0,0,0,1,5,0,0,0,0,1,0,0$0,0,0,0
116,4613,1,0$0,0,0,0,0,0,0,0,0,0$3,0.6515922,0.10864522,1,1,1,1,1,0,0,0,0,0,0.6515922,0.229973,1,1,1,1,1,0,0,0,0,0,0.672089,0.36949998,1,1,1,0,0,0,0,0,0,0,0,13,0,0,0$0,0,0,0
117,339,1,0$1,0,0,0,0,1,1,0,0,0$2,0.34786743,0.91547495,1,1,0,0,0,0,0,0,0,0,0.35532078,0.79414713,1,1,0,0,0,0,0,0,0,0,1,0.036689244,0.5090269,1,1,0,0,0,0,0,4,0,0,0$0,0,0,0
118,1622,1,0$1,1,0,0,0,1,0,0,1,0$1,0.34414074,0.82144594,1,0,0,0,0,0,1,1,1,0,0,3,0,0,0$0,0,0,0
119,1923,1,0$0,0,0,0,0,0,0,0,0,0$3,0.3515941,0.87907666,1,1,1,0,0,0,0,0,0,0,0.35532078,0.75168246,1,1,1,0,0,0,0,0,0,0,0.65904564,0.5454253,1,1,1,0,0,0,0,0,0,0,0,9,0,0,0$0,0,0,0
120,948,1,0$1,3,0,0,0,1,1,1,0,0$2,0.35345745,0.86391073,1,1,1,1,1,1,0,0,0,0,0.3180539,0.76078206,1,0,0,0,0,0,0,0,0,0,0,7,0,0,0$0,0,0,0
121,3309,1,0$1,3,0,0,0,1,1,1,1,0$3,0.6571823,0.12381121,1,1,1,1,1,0,1,5,0,0,0.6534556,0.25423855,1,1,1,1,1,0,1,5,1,0,0.3385507,0.6273215,1,1,1,1,0,0,1,4,0,0,0,0,1,14,0$0,0,0,0
122,4355,1,0$0,0,0,0,0,0,0,0,0,0$1,0.34414074,0.84571147,1,1,1,0,0,0,0,0,0,0,0,3,0,0,0$0,0,0,0
123,5572,1,0$0,0,0,0,0,0,0,0,0,0$0,1,0.103769556,0.5545248,1,0,0,0,0,0,0,2,0,0,0$0,0,0,0
124,3959,1,0$1,0,1,0,0,0,0,0,1,0$2,0.3571841,0.82144594,1,1,1,0,0,0,1,3,0,0,0.334824,0.7001181,1,1,1,0,0,0,0,0,0,0,0,0,0,6,0$0,0,0,0
125,5407,1,0$1,0,0,0,0,0,0,0,1,0$2,0.34414074,0.8244791,0,0,0,0,0,0,1,4,1,0,0.34786743,0.6728194,0,0,0,0,0,0,1,3,1,0,0,0,2,0,0$0,0,0,0
126,1086,1,0$1,0,0,0,0,0,0,0,1,0$3,0.34786743,0.86391073,1,1,1,1,0,0,0,0,0,0,0.34786743,0.75168246,1,1,1,1,0,0,0,0,0,0,0.3255073,0.5969895,1,1,1,1,0,0,0,0,0,0,0,0,0,12,0$0,0,0,0
127,2996,1,0$1,0,0,1,0,0,0,0,1,0$1,0.66090894,0.31490245,1,1,1,1,0,0,1,4,0,0,0,0,0,4,0$0,0,0,0

1,842,1,0$0,0,0,0,0,0,0,0,0,0$2,0.64786553,0.3573672,1,1,1,0,0,0,1,3,1,0,0.64600223,0.11167843,0,0,0,0,0,0,1,1,1,0,0,3,2,0,0$0,0,0,0
2,948,1,0$0,0,0,0,0,0,0,0,0,0$2,0.6385489,0.13291077,1,1,1,1,1,1,1,6,1,0,0.62550545,0.25727177,1,1,1,1,1,1,0,0,0,0,0,12,1,0,0$0,0,0,0
3,4143,1,0$1,0,0,0,0,0,0,0,0,1$2,0.34041408,0.71225095,1,1,1,1,1,1,1,6,0,0,0.31619057,0.5939564,1,1,0,0,0,0,0,0,0,0,1,0.019919153,0.42713067,1,1,0,0,0,0,0,0,0,8,0$0,0,0,0
4,148,1,0$1,3,3,0,0,1,1,1,1,0$4,0.34414074,0.8972758,1,1,1,1,1,1,1,6,1,0,0.33109733,0.7820144,1,1,1,1,1,1,1,6,1,0,0.30314723,0.6697863,1,1,1,1,1,1,1,6,1,0,0.329234,0.5211597,1,1,1,1,1,1,0,0,0,0,0,24,3,0,0$0,0,0,0
5,4146,1,0$0,0,0,0,0,0,0,0,0,0$2,0.6534556,0.14201035,1,1,1,1,1,0,0,0,0,0,0.66277236,0.05101454,1,1,1,1,0,0,0,0,0,0,0,9,0,0,0$0,0,0,0
6,228,1,1$0,0,0,0,0,0,0,0,0,0$0,0,0,0,0,0$0,0,0,0
7,2996,1,0$1,1,0,0,0,1,0,0,1,0$1,0.34786743,0.6364211,1,1,1,1,0,0,0,0,0,1,1,0.04600593,0.5029605,1,1,0,0,0,0,0,0,0,1,0$0,0,0,0
8,341,1,0$0,0,0,0,0,0,0,0,0,0$0,1,0.049732607,0.44229665,1,1,1,0,0,0,0,0,0,0,0$0,0,0,0
9,1506,1,0$1,0,1,0,0,0,0,0,1,0$1,0.66090894,0.27243775,1,1,0,0,0,0,0,0,0,0,1,0.04600593,0.48779455,0,0,0,1,0,0,0,3,1,0,0$0,0,0,0
10,2557,1,0$1,0,0,1,0,0,0,0,1,0$0,0,0,0,5,0$0,0,0,0
11,2994,1,0$1,0,0,0,0,0,0,0,1,0$2,0.36650085,0.49689412,1,1,1,1,0,0,0,0,0,0,0.66277236,0.102578856,1,1,1,0,0,0,0,0,0,0,0,0,0,8,0$0,0,0,0
12,649,1,0$1,0,0,0,0,0,0,0,1,0$2,0.35345745,0.5181265,1,1,1,1,0,0,0,0,0,1,0.3422774,0.9094086,1,0,0,0,0,0,0,0,0,0,0,0,0,6,0$0,0,0,0
13,3663,1,0$0,0,0,0,0,0,0,0,0,0$3,0.34786743,0.8093132,1,1,1,1,1,0,1,5,1,0,0.3385507,0.7001181,1,1,1,1,1,0,1,5,1,0,0.6683623,0.5332925,1,1,1,1,1,0,0,0,0,0,0,15,2,0,0$0,0,0,0
14,2996,1,0$1,0,0,0,0,0,0,0,1,0$1,0.34786743,0.5029605,1,1,1,1,0,0,1,4,0,0,0,0,0,6,0$0,0,0,0
15,3974,1,0$1,0,0,0,0,0,0,0,1,0$2,0.33668736,0.5969895,1,1,1,0,0,0,0,0,0,0,0.31619057,0.7001181,1,1,1,0,0,0,0,0,0,0,0,0,0,7,0$0,0,0,0
16,4468,1,0$0,0,0,0,0,0,0,0,0,0$2,0.31432724,0.61822194,1,1,1,1,1,0,0,0,0,0,0.6534556,0.17840873,1,1,1,1,0,0,0,0,0,0,0,0,0,9,0$0,0,0,0
17,120,1,0$1,0,0,0,0,0,0,0,0,0$2,0.67581576,0.45746258,0,0,0,1,1,1,1,6,1,0,0.32178065,0.57272404,0,0,0,1,1,1,1,6,1,0,0,6,2,0,0$0,0,0,0
18,4595,1,0$0,0,0,0,0,0,0,0,0,0$2,0.3385507,0.6394543,1,0,0,0,0,0,0,0,0,0,0.8379265,0.008549815,0,0,0,0,0,0,0,0,0,0,0,0,0,1,0$0,0,0,0
19,1319,1,0$0,0,0,0,0,0,0,0,0,0$3,0.66277236,0.46656218,0,0,1,1,0,0,1,4,1,0,0.31060058,0.5181265,0,0,0,0,0,0,0,0,0,0,0.64041215,0.20267428,1,0,0,0,0,0,1,0,0,0,0,2,1,0,0$0,0,0,0
20,4146,1,0$1,0,0,0,0,0,0,0,1,0$1,0.34414074,0.89120936,1,1,1,1,0,0,1,4,1,0,0,4,1,0,0$0,0,0,0
21,5737,1,0$1,0,0,0,0,0,0,0,1,0$2,0.34414074,0.82144594,1,1,1,0,0,0,0,0,0,0,0.3460041,0.7092177,1,0,0,0,0,0,0,0,0,0,0,4,0,0,0$0,0,0,0
22,610,1,0$1,0,0,0,0,0,0,0,0,1$2,0.64600223,0.25423855,1,1,1,1,0,0,1,4,0,0,0.64041215,0.39073232,1,1,1,1,0,0,0,0,0,0,0,8,0,0,0$0,0,0,0
23,5585,1,0$0,0,0,0,0,0,0,0,0,0$0,1,0.051595945,0.48779455,0,0,0,1,0,0,0,0,0,2,0$0,0,0,1
24,2046,1,0$1,0,0,1,0,0,0,0,1,0$1,0.34041408,0.79414713,1,1,1,0,0,0,1,3,0,0,0,2,0,5,0$0,0,0,0
25,708,1,0$1,0,0,0,0,0,0,0,1,0$0,1,0.032962516,0.44229665,1,0,0,0,0,0,0,0,0,0,0$0,0,0,0
26,148,1,0$1,3,2,0,0,1,1,1,1,0$4,0.3422774,0.9397405,1,1,1,1,1,1,1,6,1,0,0.3571841,0.8184127,1,1,1,1,1,1,1,6,1,0,0.3460041,0.70618457,1,1,1,1,1,1,1,6,1,0,0.6441389,0.38769913,1,1,1,1,1,1,1,6,0,1,0,24,3,0,0$0,0,0,0
27,4593,1,0$1,0,0,0,0,0,0,0,0,0$1,0.70190245,0.30883607,1,0,0,0,0,0,0,0,0,0,0,0,0,1,0$0,0,0,0
28,3663,1,0$0,0,0,0,0,0,0,0,0,0$2,0.6534556,0.23300621,1,1,1,1,1,1,1,6,1,0,0.6441389,0.102578856,1,1,1,1,1,1,1,6,1,0,0,17,2,0,0$0,0,0,0
29,123,1,0$1,0,0,0,0,0,0,0,1,0$1,0.66277236,0.102578856,1,1,1,1,1,0,0,0,0,0,0,8,0,0,0$0,0,0,0
30,5585,1,0$0,0,0,0,0,0,0,0,0,0$1,0.30873722,0.49082774,1,1,0,0,0,0,0,0,0,0,0,0,0,1,0$0,0,0,0
31,228,1,0$0,0,0,0,0,0,0,0,0,0$1,0.65904564,0.11774482,1,1,0,0,0,0,0,0,0,0,1,0.049732607,0.42713067,1,1,1,0,0,0,0,6,0,0,0$0,0,0,0
32,339,1,0$1,0,0,0,0,1,0,0,1,0$0,0,0,0,0,0$0,0,0,1
33,4048,1,0$1,0,0,1,0,0,0,0,1,0$1,0.6161887,0.44532984,0,0,0,0,0,0,1,4,1,0,1,0.07209271,0.48779455,0,0,0,1,0,0,0,3,0,0,0$0,0,0,0
34,649,1,0$1,0,0,0,0,0,0,0,1,0$2,0.6366855,0.23907258,1,1,1,1,1,0,0,0,0,0,0.3515941,0.5029605,1,1,1,0,0,0,0,0,0,1,0,0,0,9,0$0,0,0,0
35,4498,1,0$0,0,0,0,0,0,0,0,0,0$0,0,3,0,0,0$0,0,0,1
36,88,1,0$1,0,0,1,0,0,0,0,1,0$1,0.6515922,0.24513899,1,1,1,1,1,0,1,5,1,0,0,7,1,0,0$0,0,0,0
37,70,1,0$1,3,1,0,0,1,1,1,1,0$2,0.64786553,0.36949998,1,1,1,1,1,1,0,0,0,1,0.6348222,0.229973,0,0,0,0,0,0,1,4,0,0,0,6,1,0,0$0,0,0,0
38,303,1,0$1,0,0,0,0,0,0,0,0,1$3,0.3460041,0.9033422,1,1,1,1,1,1,1,6,1,0,0.3571841,0.6424875,1,1,1,1,1,1,1,6,1,0,0.6441389,0.41196468,1,1,1,1,1,0,0,0,0,0,0,17,2,0,0$0,0,0,0
39,4073,1,0$1,0,0,0,0,0,0,0,1,0$2,0.34786743,0.47566175,1,1,0,0,0,0,0,0,0,0,0.3571841,0.6030559,1,1,0,0,0,0,0,0,0,0,0,0,0,6,0$0,0,0,0
40,176,1,0$1,0,0,0,0,1,1,0,1,0$2,0.3571841,0.73651654,1,1,1,1,0,0,0,0,0,0,0.29383048,0.76078206,0,0,0,0,0,0,1,4,0,0,1,0.038552582,0.49082774,1,1,0,0,0,0,0,0,0,4,0$0,0,0,0
41,1114,1,0$1,3,0,0,0,1,1,1,1,0$3,0.35345745,0.9185081,1,1,1,1,1,1,1,6,1,0,0.34414074,0.75168246,1,1,1,1,1,1,1,6,1,0,0.35532078,0.5909232,1,1,1,1,1,1,1,6,1,0,0,0,3,18,0$0,0,0,0
42,120,1,0$1,0,0,0,0,0,0,0,0,1$2,0.38327095,0.75168246,1,1,1,1,1,0,1,5,1,0,0.6534556,0.28153732,0,0,0,1,1,1,1,6,1,0,0,9,2,0,0$0,0,0,0
43,5046,1,0$1,0,0,0,0,0,0,0,0,1$2,0.66277236,0.114711635,1,1,1,1,1,1,1,6,1,0,0.6441389,0.25727177,1,1,1,1,1,1,0,0,0,0,0,12,2,0,0$0,0,0,0
44,228,1,0$0,0,0,0,0,0,0,0,0,0$2,0.36836419,0.57272404,1,1,1,1,0,0,0,0,0,0,0.6534556,0.23907258,1,1,1,1,1,0,0,0,0,0,1,0.07581944,0.5211597,1,1,1,0,0,0,0,0,0,3,0$0,0,0,0
45,107,1,0$1,3,0,0,0,0,0,0,0,0$3,0.6646356,0.19054146,1,1,1,1,1,1,1,6,1,0,0.6571823,0.060114108,1,1,1,1,1,1,0,0,0,0,0.6515922,0.28457052,1,1,1,1,1,1,0,0,0,0,0,18,1,0,0$0,0,0,0
46,303,1,0$0,0,0,0,0,0,0,0,0,0$2,0.31991732,0.8730102,1,1,1,1,1,1,1,6,0,0,0.3422774,0.75168246,1,1,1,1,1,1,1,6,0,0,0,12,0,0,0$0,0,0,0
47,4498,1,0$0,0,0,0,0,0,0,0,0,0$2,0.36836419,0.8972758,1,1,1,0,0,0,1,3,1,0,0.3515941,0.7668485,1,1,1,1,0,0,0,0,0,0,0,9,1,0,0$0,0,0,0
48,5735,1,0$0,0,0,0,0,0,0,0,0,0$1,0.34041408,0.9094086,1,1,1,1,0,0,1,0,0,0,0,4,0,0,0$0,0,0,0
49,4355,1,0$0,0,0,0,0,0,0,0,0,0$1,0.35532078,0.92457455,1,1,1,1,0,0,0,0,0,0,0,7,0,0,0$0,0,0,0
50,379,1,0$0,0,0,0,0,0,0,0,0,0$3,0.6832691,0.11167843,1,1,1,1,1,1,1,6,1,0,0.66277236,0.20267428,1,1,1,1,1,1,0,0,0,0,0.66277236,0.32400206,1,1,1,1,0,0,1,4,1,0,0,15,1,0,0$0,0,0,0
51,56,1,0$0,0,0,0,0,0,0,0,0,0$2,0.6534556,0.05708093,1,1,1,1,1,1,0,0,0,0,0.6702257,0.1875083,1,1,1,1,1,1,0,0,0,0,0,12,0,0,0$0,0,0,0
52,1923,1,0$0,0,0,0,0,0,0,0,0,0$2,0.35532078,0.8548111,1,1,1,1,1,0,0,0,0,0,0.34414074,0.74258286,1,1,1,1,1,0,0,0,0,0,0,10,0,0,0$0,0,0,0
53,3495,1,0$1,0,0,0,0,0,0,0,0,1$1,0.61246204,0.13594398,1,1,1,1,1,0,1,5,1,0,0,0,1,5,0$0,0,0,0
54,610,1,0$1,0,0,0,0,0,0,0,0,1$2,0.3571841,0.8396451,0,0,0,0,0,0,1,4,1,0,0.36463752,0.71225095,0,0,0,0,0,0,1,4,1,0,0,0,1,0,0$0,0,0,0
55,1305,1,0$1,0,1,0,0,0,0,0,1,0$3,0.35532078,0.83054554,0,0,0,0,0,0,1,3,1,0,0.6515922,0.26333812,0,0,0,0,0,0,1,2,0,0,0.6329588,0.17840873,0,0,0,0,0,0,1,6,1,0,0,0,2,0,0$0,0,0,0
56,1622,1,0$0,0,0,0,0,0,0,0,0,0$1,0.68885905,0.48779455,1,1,1,1,1,0,1,5,1,0,0,6,1,0,0$0,0,0,0
57,4498,1,0$0,0,0,0,0,0,0,0,0,0$3,0.3068739,0.5090269,1,0,0,0,0,0,0,0,0,0,0.62736875,0.09347926,1,1,1,1,0,0,0,0,0,0,0.6199154,0.22693984,1,0,0,0,0,0,0,0,0,0,0,6,0,1,0$0,0,0,0
58,4450,1,0$0,0,0,0,0,0,0,0,0,0$3,0.34414074,0.82144594,1,1,1,1,0,0,1,4,1,0,0.655319,0.44532984,1,1,1,1,0,0,0,0,0,0,0.32178065,0.70315135,1,1,1,0,0,0,0,0,0,0,0,11,0,0,0$0,0,0,0
59,3452,1,0$1,0,0,0,0,0,0,0,1,0$2,0.33109733,0.53025925,1,1,1,1,0,0,1,4,0,0,0.31432724,0.6273215,1,1,1,1,0,0,0,0,0,0,0,0,0,8,0$0,0,0,0
60,4146,1,0$0,0,0,0,0,0,0,0,0,0$0,0,0,0,0,0$0,0,0,1
61,57,1,0$0,0,0,0,0,0,0,0,0,0$1,0.31991732,0.53935885,1,1,1,0,0,0,0,0,0,0,0,0,0,3,0$0,0,0,0
62,900,1,0$1,0,0,0,0,0,0,0,1,0$1,0.6441389,0.102578856,1,0,0,0,0,0,0,0,0,0,0,1,0,0,0$0,0,0,0
63,303,1,0$1,0,0,0,0,0,0,0,0,1$2,0.672089,0.4210643,1,1,1,1,1,1,1,6,0,0,0.32737064,0.745616,1,1,1,1,1,1,1,6,1,0,0,5,0,0,0$0,0,0,0
64,2557,1,0$0,0,0,0,0,0,0,0,0,0$0,0,2,0,0,0$0,0,0,1
65,3008,1,0$0,0,0,0,0,0,0,0,0,0$1,0.6422756,0.26333812,1,1,1,0,0,0,0,0,0,0,0,3,1,0,0$0,0,0,0
66,230,1,0$1,0,1,1,0,0,0,0,1,0$1,0.34041408,0.5120601,1,1,1,1,1,0,1,5,0,0,1,0.02923584,0.48476133,1,1,1,0,0,0,0,0,0,5,0$0,0,0,0
67,4909,1,0$1,0,1,0,0,0,0,0,1,0$2,0.6534556,0.23907258,0,0,0,1,1,1,1,6,1,0,0.6422756,0.36040035,0,0,0,1,1,0,1,5,1,0,0,5,2,0,0$0,0,0,0
68,4450,1,0$1,0,0,0,0,0,0,0,0,1$2,0.34414074,0.8972758,1,1,1,1,1,0,1,5,1,0,0.65904564,0.5150933,1,1,1,0,0,0,0,0,0,0,1,0.032962516,0.46656218,0,0,1,1,0,0,0,10,1,0,0$0,0,0,0
69,1816,1,0$1,0,0,0,0,0,0,0,0,1$2,0.35904744,0.71225095,0,0,0,0,0,0,1,5,0,0,0.36650085,0.7880808,0,0,0,0,0,0,1,5,0,0,0,0,0,0,0$0,0,0,0
70,701,1,0$1,0,0,0,0,0,0,0,1,0$3,0.6385489,0.114711635,1,1,1,1,1,1,1,6,1,0,0.62736875,0.22087343,1,1,1,1,1,0,1,5,1,0,0.6385489,0.30276966,1,1,1,1,1,1,1,6,1,0,0,17,3,0,0$0,0,0,0
71,4080,1,1$0,0,0,0,0,0,0,0,0,0$0,0,0,0,0,0$0,0,0,0
72,900,1,0$1,0,1,1,0,0,0,0,1,0$1,0.6515922,0.33006844,0,0,0,0,0,0,1,4,1,0,0,0,1,0,0$0,0,0,0
73,5735,1,0$1,0,0,0,0,0,0,0,0,1$3,0.666499,0.096512444,1,1,1,1,0,0,0,0,0,0,0.6646356,0.22390664,1,1,1,1,0,0,0,0,0,0,0.6571823,0.32400206,1,1,1,1,0,0,0,0,0,0,0,12,0,0,0$0,0,0,0
74,4061,1,0$0,0,0,0,0,0,0,0,0,0$2,0.666499,0.15414317,1,1,1,1,1,0,0,0,0,0,0.67395234,0.28457052,1,1,1,0,0,0,0,0,0,0,0,9,0,0,0$0,0,0,0
75,708,1,0$1,0,0,0,0,0,0,0,0,1$0,1,0.038552582,0.5211597,1,1,0,0,0,0,0,0,0,0,0$0,0,0,0
76,702,1,0$0,0,0,0,0,0,0,0,0,0$1,0.34973076,0.7001181,1,1,0,0,0,0,1,0,0,0,0,3,0,0,0$0,0,0,0
77,4653,1,0$1,0,0,0,0,0,0,0,0,1$2,0.3515941,0.53025925,0,0,0,0,0,0,1,3,0,0,0.34786743,0.7698816,0,0,0,0,0,0,1,2,0,0,0,0,0,0,0$0,0,0,0
78,56,1,0$0,0,0,0,0,0,0,0,0,0$3,0.6348222,0.13594398,1,1,1,1,1,1,0,0,0,0,0.6366855,0.24210578,1,1,1,1,1,1,1,6,0,0,0.5901019,0.33310163,1,1,1,0,0,0,0,0,0,0,0,15,0,0,0$0,0,0,0
79,4355,1,0$1,0,0,0,0,0,0,0,1,0$0,0,3,0,0,0$0,0,0,0
80,3193,1,0$1,0,0,0,0,0,0,0,1,0$1,0.6702257,0.17840873,1,1,0,0,0,0,1,2,1,0,0,2,1,0,0$0,0,0,0
81,4073,1,0$1,0,0,0,0,0,0,0,1,0$1,0.672089,0.38163275,1,1,1,1,0,0,0,0,0,0,0,0,0,4,0$0,0,0,0
82,4048,1,0$1,0,0,0,0,0,0,0,1,0$1,0.6702257,0.37556633,0,0,0,1,1,1,1,6,1,0,0,3,1,0,0$0,0,0,0
83,379,1,0$1,3,0,0,0,1,1,1,1,0$2,0.6422756,0.37556633,1,1,1,1,1,1,1,6,1,0,0.6534556,0.4999273,1,1,1,1,0,0,1,4,0,0,0,10,1,0,0$0,0,0,0
84,708,1,0$0,0,0,0,0,0,0,0,0,0$2,0.6497289,0.19054146,1,1,1,1,0,0,1,4,0,0,0.61246204,0.07224689,1,1,1,0,0,0,0,0,0,0,0,7,0,0,0$0,0,0,0
85,3452,1,0$0,0,0,0,0,0,0,0,0,0$2,0.31991732,0.7880808,0,0,0,0,0,0,1,4,1,0,0.33296067,0.89120936,0,0,0,0,0,0,1,2,0,0,1,0.027372502,0.5211597,0,0,0,1,0,0,0,0,1,0,0$0,0,0,0
86,2996,1,0$1,0,0,0,0,0,0,0,1,0$2,0.3571841,0.47566175,1,1,1,1,0,0,1,4,0,0,0.66277236,0.39679873,0,0,0,0,0,0,1,5,0,0,0,0,0,4,0$0,0,0,0
87,701,1,0$1,0,0,0,0,1,0,0,1,0$3,0.6441389,0.14201035,1,1,1,1,1,0,1,5,1,0,0.62550545,0.24210578,1,1,1,1,1,0,1,5,1,0,0.62550545,0.32703522,1,1,0,0,0,0,1,0,0,0,1,0.051595945,0.463529,1,1,0,0,0,0,0,12,2,0,0$0,0,0,0
88,649,1,0$1,0,0,0,0,0,0,0,1,0$4,0.6180521,0.229973,1,1,1,1,0,0,0,0,0,0,0.60687196,0.44532984,1,1,1,1,1,0,0,0,0,0,0.33109733,0.6424875,1,0,0,0,0,0,0,0,0,0,0.3124639,0.7547157,1,0,0,0,0,0,0,0,0,0,1,0.05718601,0.5150933,1,0,0,0,0,0,0,0,0,11,0$0,0,0,0
89,4080,1,0$0,0,0,0,0,0,0,0,0,0$0,0,0,0,0,0$0,0,0,0
90,5407,1,0$1,0,1,1,0,0,0,0,1,0$1,0.6385489,0.3846659,0,0,0,0,0,0,1,4,1,0,0,0,1,0,0$0,0,0,0
91,4073,1,0$1,0,0,0,0,0,0,0,1,0$2,0.34041408,0.86391073,1,1,1,0,0,0,0,0,0,0,0.31060058,0.64855385,0,1,1,0,0,0,0,0,0,0,0,0,0,5,0$0,0,0,0
92,1319,1,0$0,0,0,0,0,0,0,0,0,0$1,0.33109733,0.82144594,1,1,1,1,0,0,1,4,1,0,0,7,1,0,0$0,0,0,0
93,271,1,0$0,0,0,0,0,0,0,0,0,0$2,0.6497289,0.11167843,1,1,1,0,0,0,0,0,0,0,0.36463752,0.79414713,1,1,1,0,0,0,0,0,0,0,0,0,0,6,0$0,0,0,0
94,4653,1,0$1,1,0,0,0,1,0,0,1,0$1,0.6441389,0.37859955,0,0,0,0,0,0,1,3,0,0,1,0.036689244,0.5090269,0,1,1,1,0,0,0,0,0,0,0$0,0,0,0
95,56,1,0$0,0,0,0,0,0,0,0,0,0$1,0.34786743,0.791114,1,1,1,1,1,0,1,5,1,0,1,0.025509166,0.5454253,0,1,1,1,0,0,0,11,1,0,0$0,0,0,0
96,5737,1,0$0,0,0,0,0,0,0,0,0,0$0,0,0,0,0,0$0,0,0,1
97,3008,1,0$0,0,0,0,0,0,0,0,0,0$3,0.33109733,0.52722603,1,0,0,0,0,0,0,0,0,0,0.3422774,0.62428826,1,1,0,0,0,0,0,0,0,0,0.33668736,0.69101864,1,1,0,0,0,0,0,0,0,0,1,0.06277602,0.49082774,1,0,0,0,0,0,0,0,0,5,0$0,0,0,0
98,303,1,0$0,0,0,0,0,0,0,0,0,0$3,0.6441389,0.09954565,1,1,1,1,1,1,1,6,1,0,0.6217788,0.22693984,1,1,1,1,1,1,1,6,1,0,0.6348222,0.2997365,1,1,1,1,0,0,1,4,1,0,0,16,1,0,0$0,0,0,0
99,5654,1,0$0,0,0,0,0,0,0,0,0,0$0,1,0.031099178,0.4513962,1,0,0,0,0,0,0,3,0,0,0$0,0,0,0
100,2557,1,0$1,0,0,0,0,0,0,0,1,0$0,0,0,0,5,0$0,0,0,0
101,88,1,0$1,0,0,0,0,0,0,0,1,0$1,0.6441389,0.19054146,1,1,1,1,1,0,1,5,1,0,0,5,1,0,0$0,0,0,0
102,4498,1,0$0,0,0,0,0,0,0,0,0,0$2,0.33668736,0.46049577,1,0,0,0,0,0,0,0,0,0,0.33668736,0.5454253,1,0,0,0,0,0,0,0,0,0,0,0,0,5,0$0,0,0,0
103,4593,1,0$1,0,0,0,0,0,0,0,1,0$2,0.34041408,0.5909232,1,1,1,0,0,0,0,0,0,0,0.30873722,0.65765345,1,0,0,0,0,0,0,0,0,0,0,0,0,4,0$0,0,0,0
104,4146,1,0$0,0,0,0,0,0,0,0,0,0$2,0.62736875,0.120778,1,1,1,1,0,0,0,0,0,0,0.67581576,0.005516632,1,1,1,0,0,0,0,0,0,0,0,7,0,0,0$0,0,0,0
105,5737,1,0$1,0,0,0,0,0,0,0,1,0$1,0.34414074,0.7274169,1,0,0,0,0,0,0,0,0,0,0,3,0,0,0$0,0,0,0
106,339,1,0$1,0,0,0,0,0,0,0,0,1$3,0.6441389,0.0783133,1,0,0,0,0,0,0,0,0,0,0.6571823,0.1844751,1,1,0,0,0,0,0,0,0,0,0.5919653,0.27243775,1,0,0,0,0,0,0,0,0,0,0,4,0,2,0$0,0,0,0
107,3663,1,0$1,0,0,1,0,0,0,0,1,0$2,0.672089,0.096512444,1,1,1,1,1,1,1,6,1,0,0.62923217,0.23300621,1,1,1,1,1,1,1,6,1,0,0,12,1,0,0$0,0,0,0
108,3959,1,0$1,0,0,0,0,0,0,0,1,0$1,0.37209088,0.5181265,1,1,1,0,0,0,1,3,0,0,0,0,0,6,0$0,0,0,0
109,230,1,0$1,0,0,1,0,0,0,0,1,0$3,0.64041215,0.42409745,1,1,1,1,1,0,1,5,0,0,0.6702257,0.25727177,0,0,0,0,0,0,1,5,1,0,0.329234,0.58485675,0,0,0,0,0,0,1,5,1,0,0,0,2,2,0$0,0,0,0
110,5654,1,0$0,0,0,0,0,0,0,0,0,0$1,0.3385507,0.5909232,1,1,0,0,0,0,0,0,0,0,0,0,0,3,0$0,0,0,0
111,842,1,0$1,0,0,1,0,0,0,0,1,0$1,0.6646356,0.13291077,1,1,0,0,0,0,0,0,0,0,0,2,0,0,0$0,0,0,0
112,4595,1,0$0,0,0,0,0,0,0,0,0,0$1,0.35532078,0.50599366,1,0,0,0,0,0,0,0,0,0,1,0.014329113,0.5150933,0,0,0,1,0,0,1,0,0,1,0$0,0,0,0
113,88,1,0$1,0,0,2,0,0,0,0,0,0$1,0.64786553,0.4513962,1,1,0,0,0,0,0,0,0,0,1,0.04227926,0.44532984,0,0,0,1,0,0,0,3,0,0,0$0,0,0,0
114,1506,1,0$0,0,0,0,0,0,0,0,0,0$2,0.29383048,0.83054554,1,1,1,1,0,0,0,0,0,0,0.6236421,0.43319702,1,1,1,1,0,0,0,0,0,0,0,11,0,0,0$0,0,0,0
115,1114,1,0$1,3,0,0,0,1,1,1,1,0$3,0.30128387,0.93670726,1,1,1,1,1,1,1,6,1,0,0.30314723,0.8093132,1,1,1,1,1,1,1,6,0,0,0.30501056,0.7001181,1,0,0,0,0,0,0,0,0,0,0,0,2,13,0$0,0,0,0
116,148,1,0$1,0,2,0,0,1,1,1,1,0$3,0.3422774,0.8275123,1,1,1,1,1,1,1,6,1,0,0.35345745,0.92154133,1,1,1,1,1,1,1,6,1,0,0.35532078,0.69405174,1,1,1,1,1,1,1,6,1,0,0,18,3,0,0$0,0,0,0
117,2457,1,0$1,0,0,0,0,0,0,0,0,1$3,0.6515922,0.3422012,1,1,1,1,1,0,1,5,1,0,0.62923217,0.448363,1,1,1,1,1,0,1,5,1,0,0.64786553,0.229973,1,1,1,1,0,0,0,0,0,0,0,14,2,0,0$0,0,0,0
118,3193,1,0$1,0,0,1,0,0,0,0,1,0$2,0.6534556,0.19660787,1,1,1,0,0,0,1,3,1,0,0.6422756,0.10864522,1,0,0,0,0,0,0,0,0,0,0,8,1,0,0$0,0,0,0
119,4080,1,0$0,0,0,0,0,0,0,0,0,0$1,0.35532078,0.75168246,1,0,0,0,0,0,0,0,0,0,0,0,0,1,0$0,0,0,0
120,3008,1,0$0,0,0,0,0,0,0,0,0,0$1,0.3571841,0.49082774,1,0,0,0,0,0,0,0,0,0,1,0.04786927,0.463529,1,1,1,0,0,0,0,0,0,1,0$0,0,0,0
121,1816,1,0$0,0,0,0,0,0,0,0,0,0$1,0.31991732,0.86391073,1,1,1,0,0,0,0,0,0,0,0,4,0,0,0$0,0,0,0
122,5586,1,0$0,0,0,0,0,0,0,0,0,0$1,0.32737064,0.9033422,1,1,1,1,0,0,1,4,1,1,0,0,2,0,0$0,0,0,0
123,5046,1,0$1,2,1,0,0,0,0,0,1,0$2,0.6571823,0.32096887,1,1,1,1,1,1,1,6,1,0,0.6571823,0.21784022,1,1,1,1,1,1,1,6,1,0,0,12,2,0,0$0,0,0,0
124,610,1,0$0,0,0,0,0,0,0,0,0,0$1,0.64786553,0.20874065,0,0,0,0,0,0,1,4,1,0,0,0,1,0,0$0,0,0,0
125,2557,1,0$1,0,1,1,0,0,0,0,1,0$1,0.34414074,0.8153796,1,1,1,0,0,0,1,3,1,0,0,0,0,3,0$0,0,0,0
126,369,1,0$0,0,0,0,0,0,0,0,0,0$1,0.37581754,0.8396451,0,0,0,0,0,0,1,4,1,0,1,0.0665027,0.48779455,1,1,0,0,0,0,1,0,1,0,0$0,0,0,0
127,4061,1,0$0,0,0,0,0,0,0,0,0,0$2,0.6497289,0.38769913,1,1,1,1,1,1,1,6,1,0,0.329234,0.6424875,1,1,1,1,1,0,1,5,1,0,0,11,2,0,0$0,0,0,0

1,1318,1,0$0,0,0,0,0,0,0,0,0,0$3,0.334824,0.8821099,1,1,1,1,1,1,1,6,0,0,0.6534556,0.1268444,1,1,1,1,1,1,1,6,0,0,0.6497289,0.054047745,1,1,1,0,0,0,0,0,0,0,0,0,0,15,0$0,0,0,0
2,57,1,0$0,0,0,0,0,0,0,0,0,0$2,0.64600223,0.12987761,1,1,1,1,1,0,0,0,0,0,0.3385507,0.557558,1,1,1,1,0,0,0,0,0,0,1,0.038552582,0.5241929,1,1,1,0,0,0,0,0,0,9,0$0,0,0,0
3,5407,1,0$1,0,0,0,0,0,0,0,0,0$1,0.6422756,0.36343357,0,0,0,0,0,0,1,3,1,0,0,0,2,0,0$0,0,0,0
4,1086,1,0$1,0,0,0,0,0,0,0,0,0$2,0.6534556,0.23300621,1,1,1,1,0,0,0,0,0,0,0.6422756,0.3361348,1,1,1,0,0,0,0,0,0,0,1,0.031099178,0.52722603,1,1,1,0,0,0,0,0,0,12,0$1,0,0,0
5,1923,1,0$0,0,0,0,0,0,0,0,0,0$3,0.3255073,0.6273215,1,1,1,1,1,0,0,0,0,0,0.3385507,0.89120936,1,1,1,1,1,0,1,5,0,0,0.7559394,0.73651654,0,0,0,0,0,0,0,0,0,0,0,11,0,0,0$0,0,0,0
6,1114,1,0$1,3,0,0,0,0,0,0,0,0$3,0.33109733,0.9609729,1,1,1,1,1,1,1,6,0,0,0.3385507,0.8487447,1,1,1,1,1,1,1,6,1,0,0.32364398,0.75168246,1,1,1,1,1,1,1,6,1,0,0,0,2,18,0$1,0,0,0
7,3959,1,0$1,1,1,0,0,0,0,0,0,0$1,0.6310954,0.19357467,1,1,1,1,1,1,1,6,0,0,0,0,0,6,0$0,0,0,0
8,701,1,0$0,0,0,0,0,0,0,0,0,0$1,0.6385489,0.12381121,1,1,1,1,0,0,1,4,1,0,0,4,1,4,0$0,0,0,0
9,4061,1,0$1,0,0,0,0,0,0,0,0,0$1,0.31432724,0.8821099,1,1,1,1,0,0,0,0,0,0,0,4,0,0,0$0,0,0,0
10,120,1,0$1,0,0,0,0,0,0,0,0,0$2,0.66277236,0.45442942,1,1,1,1,1,0,1,5,1,0,0.6422756,0.38163275,1,1,1,1,1,0,1,5,1,0,0,10,2,0,0$0,0,0,0
11,5654,1,0$0,0,0,0,0,0,0,0,0,0$0,0,1,0,0,0$0,0,0,0
12,56,1,0$0,0,0,0,0,0,0,0,0,0$0,1,0.027372502,0.5090269,0,0,1,1,0,0,0,3,0,0,0$0,0,0,0
13,4909,1,0$1,1,0,0,0,0,0,0,1,0$2,0.6646356,0.25423855,1,0,0,0,0,0,0,1,0,0,0.65904564,0.44532984,1,0,0,0,0,0,0,0,0,0,0,5,0,0,0$0,0,0,0
14,379,1,0$1,0,0,0,0,0,0,0,0,0$3,0.6534556,0.18144189,1,1,1,1,1,1,1,6,1,0,0.64600223,0.30580288,1,1,1,1,1,1,1,6,1,0,0.6422756,0.4058983,1,0,0,0,0,0,0,0,0,0,0,13,0,0,0$0,0,0,0
15,948,1,0$1,3,0,0,0,1,1,1,1,0$2,0.65904564,0.12987761,1,1,1,1,1,1,1,6,1,0,0.64786553,0.2936701,1,1,1,1,0,0,1,0,1,0,0,11,0,0,0$0,0,0,0
16,230,1,0$1,0,0,0,0,0,0,0,0,1$1,0.64786553,0.5241929,1,1,1,1,0,0,0,4,0,0,1,0.04786927,0.48172814,0,0,0,1,1,0,0,0,0,4,0$0,0,0,0
17,5735,1,0$0,0,0,0,0,0,0,0,0,0$2,0.64786553,0.41196468,1,1,1,0,0,0,0,3,0,0,0.6497289,0.27243775,1,1,1,0,0,0,0,3,0,0,0,6,0,0,0$0,0,0,0
18,341,1,0$0,0,0,0,0,0,0,0,0,0$3,0.64786553,0.26637134,1,1,1,1,1,0,0,0,0,0,0.6422756,0.18144189,1,1,1,1,1,0,0,1,0,0,0.655319,0.09347926,1,0,0,0,0,0,0,0,0,0,0,11,0,0,0$0,0,0,0
19,4080,1,0$0,0,0,0,0,0,0,0,0,0$1,0.6646356,0.3361348,0,0,1,1,0,0,1,0,1,0,0,2,0,0,0$0,0,0,0
20,4048,1,0$1,1,0,0,0,0,0,0,1,0$3,0.67395234,0.1875083,1,1,1,1,0,0,1,4,1,0,0.34973076,0.8578443,0,0,0,0,0,0,1,0,1,0,0.37022752,0.6970849,0,0,0,0,0,0,1,0,1,0,0,4,0,0,0$0,0,0,0
21,4613,1,0$1,0,0,0,0,0,0,0,0,0$2,0.64786553,0.5241929,1,1,1,1,1,1,1,6,1,0,0.6422756,0.43926343,1,1,1,1,1,1,0,0,0,0,0,12,2,0,0$0,0,0,0
22,88,1,0$1,0,0,0,0,0,0,0,0,0$0,1,0.04041592,0.53632563,1,1,1,0,0,0,0,6,1,0,0$0,0,0,0
23,3937,1,0$1,0,1,0,0,0,0,0,1,0$3,0.6534556,0.13897718,1,1,1,1,1,1,1,6,0,0,0.62736875,0.27547094,1,1,1,1,1,1,1,6,0,0,0.6422756,0.3998319,1,1,1,1,1,1,1,6,0,0,0,18,0,0,0$0,0,0,0
24,339,1,0$0,0,0,0,0,0,0,0,0,0$0,1,0.021782491,0.5605912,0,0,1,1,0,0,0,1,0,0,0$0,0,0,0
25,2557,1,0$1,0,0,0,0,0,0,0,1,0$1,0.6180521,0.25423855,0,0,0,0,1,0,1,4,0,0,0,0,0,1,0$0,0,0,0
26,176,1,0$1,0,2,0,0,0,0,0,1,0$0,1,0.04600593,0.5241929,0,0,0,1,0,0,0,0,0,2,0$0,0,0,0
27,4143,1,0$1,0,0,0,0,0,0,0,1,0$1,0.35532078,0.60912234,1,1,1,0,0,0,1,3,0,0,0,0,0,4,0$0,0,0,0
28,1156,1,0$1,0,1,0,0,0,0,0,1,0$1,0.6422756,0.47566175,1,1,1,1,1,0,1,5,1,0,0,0,1,4,0$0,0,0,0
29,2996,1,0$1,0,0,0,0,0,0,0,1,0$1,0.29755715,0.9549065,1,1,1,0,0,0,1,3,0,0,0,0,0,2,0$0,0,0,0
30,900,1,0$1,1,0,0,0,0,0,0,1,0$2,0.31432724,0.9185081,0,0,0,0,0,0,1,2,1,0,0.31060058,0.8093132,0,0,0,0,0,0,1,2,1,0,0,0,2,0,0$0,0,0,0
31,702,1,0$0,0,0,0,0,0,0,0,0,0$1,0.66277236,0.16324274,1,0,0,0,0,0,0,0,0,0,0,0,0,3,0$0,0,0,0
32,4355,1,0$0,0,0,0,0,0,0,0,0,0$2,0.6422756,0.15110996,1,1,1,1,0,0,0,0,0,0,0.64600223,0.07224689,1,1,0,0,0,0,0,0,0,0,0,6,0,0,0$0,0,0,0
33,1574,1,0$1,0,0,0,0,0,0,0,1,0$2,0.6646356,0.1268444,1,1,1,1,1,0,1,5,1,0,0.6683623,0.25423855,1,1,1,1,1,0,1,5,1,0,0,12,0,3,0$0,0,0,0
34,3495,1,1$0,0,0,0,0,0,0,0,0,0$0,0,0,0,0,0$0,0,0,0
35,5603,1,0$1,1,0,0,0,0,0,0,1,0$1,0.35904744,0.5029605,0,0,0,0,0,0,1,0,1,0,1,0.012465776,0.49386096,0,0,0,1,0,0,0,0,0,0,0$0,0,0,0
36,842,1,0$1,0,0,0,0,0,0,0,1,0$1,0.6702257,0.37859955,0,0,0,0,0,0,1,0,1,0,1,0.068366036,0.53025925,0,0,0,1,0,0,0,0,0,0,0$0,0,0,0
37,1086,1,0$1,0,0,0,0,0,0,0,0,1$2,0.655319,0.25423855,1,1,1,1,0,0,0,0,0,0,0.6646356,0.42713067,1,1,1,1,0,0,0,0,0,0,0,0,0,9,0$0,0,0,0
38,701,1,0$0,0,0,0,0,0,0,0,0,0$0,0,0,0,0,0$0,0,0,1
39,1574,1,0$1,0,2,0,0,0,0,0,1,0$3,0.64600223,0.26637134,1,1,1,1,1,0,1,5,1,0,0.6422756,0.37859955,1,1,1,1,1,0,1,5,1,0,0.32178065,0.8366119,0,0,0,0,0,0,1,2,0,0,0,10,2,0,0$1,0,0,0
40,2594,1,0$0,0,0,0,0,0,0,0,0,0$2,0.6534556,0.2481722,1,1,1,1,0,0,0,0,0,0,0.6348222,0.32703522,1,1,1,1,0,0,0,0,0,0,0,0,0,10,0$0,0,0,0
41,5407,1,0$1,0,1,0,0,0,0,0,1,0$0,0,0,2,0,0$0,0,0,0
42,4909,1,0$0,0,0,0,0,0,0,0,0,0$2,0.66090894,0.19054146,1,1,1,1,1,1,1,6,1,0,0.6422756,0.1268444,1,1,0,0,0,0,0,0,0,0,0,11,1,0,0$0,0,0,0
43,842,1,0$1,0,0,0,0,0,0,0,1,0$1,0.66090894,0.4180311,0,0,0,0,0,0,1,4,1,0,0,0,2,0,0$0,0,0,0
44,148,1,0$1,3,2,0,0,0,0,0,1,0$4,0.3385507,0.9094086,1,1,1,1,1,1,1,6,1,0,0.33296067,0.83054554,1,1,1,1,0,0,0,0,0,0,0.32737064,0.75774884,1,1,1,1,0,0,0,0,0,0,0.66090894,0.47262856,1,1,1,1,1,1,1,6,1,0,0,20,2,0,0$0,0,0,0
45,3959,1,0$0,0,0,0,0,0,0,0,0,0$5,0.3255073,0.78504765,1,0,0,0,0,0,0,0,0,0,0.34041408,0.69101864,1,0,0,0,0,0,0,0,0,0,0.334824,0.58788997,1,0,0,0,0,0,0,0,0,0,0.329234,0.5241929,1,0,0,0,0,0,0,0,0,0,0.329234,0.43623024,1,0,0,0,0,0,0,0,0,0,1,0.053459283,0.53632563,0,1,1,1,0,0,0,0,0,3,0$0,0,0,0
46,57,1,0$0,0,0,0,0,0,0,0,0,0$0,1,0.04786927,0.5454253,1,1,0,0,0,0,0,0,0,10,0$0,0,0,0
47,702,1,0$1,0,0,0,0,0,0,0,1,0$4,0.6646356,0.120778,1,1,0,0,0,0,0,0,0,0,0.67395234,0.5181265,1,1,0,0,0,0,0,0,0,0,0.66090894,0.39073232,1,1,0,0,0,0,0,0,0,0,0.62550545,0.32400206,1,1,0,0,0,0,0,0,0,0,0,8,0,0,0$0,0,0,0
48,369,1,0$1,0,0,0,0,0,0,0,1,0$2,0.65904564,0.49082774,1,1,1,1,1,0,0,0,0,0,0.6348222,0.4180311,1,1,1,1,1,0,0,0,0,0,0,10,0,0,0$0,0,0,0
49,341,1,0$0,0,0,0,0,0,0,0,0,0$0,0,14,0,0,0$0,0,0,0
50,4468,1,0$0,0,0,0,0,0,0,0,0,0$1,0.34786743,0.9397405,1,1,1,1,1,0,0,0,0,1,0,0,0,9,0$0,0,0,0
51,148,1,0$1,2,3,0,0,0,0,0,0,0$0,0,2,1,0,0$0,0,0,0
52,2557,1,0$0,0,0,0,0,0,0,0,0,0$1,0.64786553,0.26637134,1,1,1,1,1,0,1,5,0,0,0,5,0,1,0$0,0,0,0
53,176,1,0$1,2,0,0,0,1,1,0,0,0$1,0.334824,0.9063754,1,1,1,1,0,0,0,0,0,0,1,0.04227926,0.52722603,0,0,1,1,0,0,0,0,0,4,0$0,0,0,0
54,123,1,0$1,0,0,0,0,0,0,0,0,0$0,1,0.04786927,0.48172814,0,0,1,1,0,0,0,4,0,0,0$0,0,0,0
55,649,1,0$1,0,0,0,0,0,0,0,1,0$3,0.64600223,0.21177386,1,1,1,1,1,0,0,0,0,0,0.6348222,0.339168,1,1,0,0,0,0,0,0,0,0,0.3627742,0.5666576,1,0,0,0,0,0,0,0,0,0,1,0.05904935,0.5029605,1,0,0,0,0,0,0,0,0,8,0$0,0,0,0
56,702,1,0$1,0,0,0,0,0,0,0,1,0$1,0.6441389,0.48172814,1,1,0,0,0,0,0,0,0,0,0,3,0,0,0$0,0,0,0
57,5572,1,0$0,0,0,0,0,0,0,0,0,0$0,1,0.07209271,0.5090269,0,1,1,1,0,0,0,3,0,0,0$0,0,0,1
58,107,1,0$1,3,0,0,0,0,0,0,1,0$3,0.6534556,0.19054146,1,1,1,1,1,1,1,6,1,0,0.6310954,0.2997365,1,1,1,1,1,1,1,6,1,0,0.64600223,0.114711635,1,1,1,1,1,0,0,0,0,0,0,17,2,0,0$0,0,0,0
59,3974,1,0$1,0,0,0,0,0,0,0,1,0$2,0.3255073,0.9609729,1,1,1,1,0,0,1,4,0,0,0.33668736,0.84267825,1,1,0,0,0,0,0,0,0,0,0,0,0,6,0$0,0,0,0
60,708,1,0$1,0,0,0,0,0,0,0,0,0$0,0,0,0,0,0$0,0,0,0
61,5472,1,0$1,0,0,0,0,0,0,0,1,0$2,0.6534556,0.15414317,1,1,1,1,0,0,0,0,0,0,0.64600223,0.2785041,1,1,1,1,0,0,0,0,0,0,0,9,0,0,0$0,0,0,0
62,4143,1,0$1,0,0,0,0,0,0,0,0,0$2,0.3385507,0.86391073,1,1,1,1,1,1,1,6,1,0,0.34786743,0.57575715,1,1,1,0,0,0,1,3,0,0,0,0,1,9,0$0,0,0,0
63,341,1,0$0,0,0,0,0,0,0,0,0,0$2,0.6534556,0.15717633,1,1,1,1,1,1,0,6,0,0,0.6683623,0.26637134,1,1,0,0,0,0,0,0,0,0,0,14,0,0,0$0,0,0,0
64,4593,1,0$1,0,0,0,0,0,0,0,1,0$0,0,0,0,0,0$0,0,0,0
65,2594,1,0$0,0,0,0,0,0,0,0,0,0$2,0.655319,0.120778,1,1,0,0,0,0,0,0,0,0,0.6534556,0.23300621,1,1,0,0,0,0,0,0,0,0,1,0.02923584,0.53025925,0,1,0,0,0,0,0,0,0,0,0$0,0,0,0
66,70,1,0$1,3,1,0,0,0,0,0,1,0$2,0.65904564,0.3361348,1,1,1,1,1,0,1,0,1,0,0.34041408,0.5454253,1,1,1,1,1,0,1,0,0,0,0,5,0,5,0$0,0,0,0
67,4146,1,0$1,0,0,0,0,0,0,0,1,0$4,0.66090894,0.2906369,1,1,1,0,0,0,0,0,0,0,0.65904564,0.20874065,1,1,1,0,0,0,0,0,0,0,0.65904564,0.120778,1,0,0,0,0,0,0,0,0,0,0.6683623,0.3846659,1,1,1,0,0,0,0,0,0,0,0,10,0,0,0$0,0,0,0
68,1574,1,0$1,0,0,0,0,0,0,0,1,0$3,0.6422756,0.15414317,1,1,1,1,1,0,1,5,1,0,0.6571823,0.26030496,1,1,1,1,1,0,1,0,1,0,0.6795424,0.3573672,1,1,1,1,0,0,0,0,0,0,0,14,0,0,0$0,0,0,0
69,148,1,0$1,3,2,0,0,0,0,0,1,0$3,0.34041408,0.8366119,1,1,1,1,1,1,1,0,1,0,0.34041408,0.7395497,1,1,1,1,1,0,0,0,0,0,0.334824,0.6273215,1,1,1,1,1,0,0,0,0,0,0,22,0,0,0$0,0,0,0
70,4073,1,0$1,0,0,0,0,0,0,0,1,0$1,0.34414074,0.4999273,1,1,1,0,0,0,0,0,0,0,1,0.06463936,0.49082774,1,0,0,0,0,0,0,0,0,3,0$0,0,0,0
71,4653,1,0$1,1,1,0,0,0,0,0,1,0$1,0.35532078,0.49386096,1,1,0,0,0,0,1,0,0,0,1,0.05718601,0.5090269,1,0,0,0,0,0,0,0,0,4,0$0,0,0,0
72,5572,1,0$0,0,0,0,0,0,0,0,0,0$1,0.6683623,0.13897718,1,1,1,1,0,0,0,0,0,0,0,4,0,0,0$0,0,0,0
73,1114,1,0$1,3,0,0,0,1,1,1,1,0$3,0.34973076,0.86391073,1,1,1,1,1,1,1,0,1,0,0.3627742,0.745616,1,1,1,1,1,1,1,0,1,0,0.33668736,0.6030559,1,1,1,1,1,1,1,0,1,0,0,0,2,11,0$0,0,0,0
74,1305,1,0$1,0,0,2,0,0,0,0,1,0$2,0.6422756,0.12987761,0,0,0,0,0,0,1,0,0,0,0.3515941,0.775948,0,0,0,0,0,0,1,0,0,0,0,0,1,0,0$0,0,0,0
75,5472,1,0$0,0,0,0,0,0,0,0,0,0$3,0.6646356,0.10864522,1,1,1,1,0,0,0,0,0,0,0.64786553,0.23603942,1,1,1,1,0,0,0,0,0,0,0.65904564,0.30276966,1,1,1,0,0,0,0,0,0,0,0,13,0,0,0$0,0,0,0
76,2994,1,0$0,0,0,0,0,0,0,0,0,0$0,1,0.023645828,0.4999273,1,1,0,0,0,0,0,2,0,0,0$0,0,0,0
77,1086,1,0$1,0,0,0,0,0,0,0,1,0$4,0.334824,0.5454253,1,1,1,0,0,0,0,0,0,0,0.34041408,0.6970849,1,1,1,0,0,0,0,0,0,0,0.33668736,0.8366119,1,1,0,0,0,0,0,0,0,0,0.34041408,0.92154133,1,0,0,0,0,0,0,0,0,0,1,0.021782491,0.48172814,1,0,0,0,0,0,0,0,0,9,0$0,0,0,0
78,4468,1,0$0,0,0,0,0,0,0,0,0,0$2,0.3385507,0.5241929,1,1,1,1,1,0,0,0,0,0,0.64786553,0.18144189,1,1,1,1,0,0,0,0,0,0,0,0,0,11,0$0,0,0,0
79,1816,1,0$0,0,0,0,0,0,0,0,0,0$0,0,0,0,0,0$0,0,0,0
80,4593,1,0$0,0,0,0,0,0,0,0,0,0$1,0.34786743,0.48172814,1,0,0,0,0,0,0,0,0,0,1,0.036689244,0.48476133,0,0,0,1,0,0,0,0,0,2,0$0,0,0,0
81,70,1,0$1,3,0,0,0,1,1,1,1,0$2,0.655319,0.10864522,1,1,1,1,1,1,1,0,0,0,0.34973076,0.8153796,1,1,1,1,1,0,0,0,0,0,0,0,0,13,0$0,0,0,0
82,1319,1,0$0,0,0,0,0,0,0,0,0,0$2,0.6702257,0.15414317,1,1,1,1,0,0,1,4,1,0,0.65904564,0.3361348,0,0,1,1,1,0,1,2,1,0,0,7,2,0,0$0,0,0,0
83,88,1,0$0,0,0,0,0,0,0,0,0,0$2,0.67395234,0.1268444,1,1,1,1,1,0,1,5,1,0,0.64600223,0.27243775,1,0,0,0,0,0,0,0,0,0,0,7,1,0,0$0,0,0,0
84,4061,1,0$1,0,1,0,0,0,0,0,1,0$2,0.3180539,0.9458069,1,1,1,1,1,1,1,6,1,0,0.6422756,0.5181265,1,1,0,0,0,0,1,2,0,0,0,8,1,0,0$0,0,0,0
85,3309,1,0$1,3,0,0,0,1,1,1,1,0$3,0.655319,0.32703522,1,1,1,1,1,0,1,5,1,0,0.64600223,0.23603942,1,1,1,1,1,0,1,5,1,0,0.334824,0.61215556,1,1,1,1,1,0,1,5,0,0,0,0,2,15,0$0,0,0,0
86,369,1,0$1,0,0,0,0,0,0,0,1,0$2,0.6310954,0.09347926,1,1,1,1,1,1,0,0,0,0,0.62736875,0.28457052,1,1,1,1,1,0,0,0,0,0,0,11,0,0,0$0,0,0,0
87,271,1,0$0,0,0,0,0,0,0,0,0,0$5,0.66090894,0.05101454,1,1,1,1,0,0,0,0,0,0,0.6385489,0.1662759,1,1,1,1,0,0,0,0,0,0,0.6683623,0.2906369,1,1,1,1,0,0,0,0,0,0,0.6646356,0.4058983,1,1,1,1,1,0,0,0,0,0,0.67395234,0.5090269,1,1,1,1,0,0,0,0,0,0,0,21,0,0,0$0,0,0,0
88,1923,1,0$0,0,0,0,0,0,0,0,0,0$4,0.6571823,0.1844751,1,1,1,1,0,0,0,0,0,0,0.66277236,0.31793565,1,1,1,1,1,0,0,0,0,0,0.66277236,0.43016386,1,1,1,1,0,0,0,0,0,0,0.6571823,0.06618052,1,1,1,1,0,0,0,0,0,0,0,20,0,0,0$0,0,0,0
89,1114,1,0$1,3,0,0,0,1,1,1,1,0$3,0.35532078,0.87604344,1,1,1,1,1,1,1,0,1,0,0.33668736,0.7638153,1,1,1,1,1,1,1,0,1,0,0.34041408,0.6060891,1,1,0,0,0,0,1,0,0,0,0,0,2,14,0$0,0,0,0
90,107,1,0$1,3,0,0,0,1,1,1,1,0$1,0.64786553,0.114711635,1,1,1,1,1,1,1,0,1,0,0,12,0,0,0$0,0,0,0
91,4450,1,0$0,0,0,0,0,0,0,0,0,0$2,0.6534556,0.12381121,1,1,1,1,1,0,1,0,1,0,0.66090894,0.2481722,1,1,1,1,1,0,1,0,1,0,0,13,0,0,0$0,0,0,0
92,1506,1,0$1,0,0,0,0,0,0,0,0,1$1,0.65904564,0.41196468,0,0,0,0,0,0,1,0,0,0,0,2,0,0,0$0,0,0,0
93,57,1,0$0,0,0,0,0,0,0,0,0,0$4,0.6515922,0.12987761,1,1,1,0,0,0,0,0,0,0,0.65904564,0.26030496,1,1,1,0,0,0,0,0,0,0,0.32364398,0.53025925,1,1,1,1,0,0,0,0,0,0,0.655319,0.37253317,1,0,0,0,0,0,0,0,0,0,0,0,0,11,0$0,0,0,0
94,708,1,0$0,0,0,0,0,0,0,0,0,0$1,0.6422756,0.07224689,1,1,1,0,0,0,0,0,0,0,0,5,0,0,0$0,0,0,0
96,842,1,0$0,0,0,0,0,0,0,0,0,0$3,0.33109733,0.7183174,0,0,0,0,0,0,1,4,1,0,0.3385507,0.6364211,0,0,0,0,0,0,1,4,1,0,0.64600223,0.44532984,0,0,0,0,0,0,1,3,1,0,0,0,1,0,0$0,0,0,0
97,5472,1,0$1,0,0,0,0,0,0,0,1,0$2,0.6702257,0.1268444,1,1,1,1,0,0,0,0,0,0,0.6534556,0.27547094,1,1,1,0,0,0,0,0,0,0,0,10,0,0,0$0,0,0,0
98,3974,1,0$1,0,0,0,0,0,0,0,1,0$0,0,0,1,2,0$0,0,0,0
99,1574,1,0$1,0,0,0,0,0,0,0,1,0$2,0.6385489,0.1844751,1,1,1,1,1,0,1,5,1,0,0.6180521,0.3482676,1,1,1,1,1,0,1,5,1,0,0,10,2,0,0$0,0,0,0
100,1622,1,0$1,0,0,0,0,1,0,0,1,0$1,0.6497289,0.25423855,1,1,1,0,0,0,0,0,0,0,0,5,2,0,0$0,0,0,0
101,70,1,0$1,3,0,0,0,1,1,1,1,0$2,0.65904564,0.12381121,1,1,1,1,1,1,1,6,0,0,0.34786743,0.52722603,1,1,1,1,1,0,1,5,0,0,0,0,0,11,0$0,0,0,0
102,107,1,0$1,3,0,0,0,1,1,1,1,0$3,0.66090894,0.1844751,1,1,1,1,1,1,1,6,1,0,0.6534556,0.102578856,1,1,1,1,1,1,1,6,1,0,0.6385489,0.27243775,1,1,1,1,1,0,0,0,0,0,0,17,2,0,0$0,0,0,0
103,4061,1,0$1,0,0,0,0,0,0,0,0,0$2,0.36650085,0.9609729,1,1,1,1,1,1,1,6,1,0,0.34414074,0.84267825,1,1,1,1,1,1,1,6,1,0,0,12,2,0,0$0,0,0,0
104,1816,1,0$0,0,0,0,0,0,0,0,0,0$2,0.34973076,0.9670392,1,1,0,0,0,0,0,2,0,0,0.34414074,0.87604344,1,1,1,1,0,0,1,4,0,0,1,0.049732607,0.53632563,0,0,0,1,0,0,0,0,0,4,0$0,0,0,0
105,1319,1,0$0,0,0,0,0,0,0,0,0,0$2,0.65904564,0.2481722,1,1,1,1,1,0,1,5,0,0,0.66090894,0.15414317,1,1,1,1,1,0,0,0,0,0,0,11,0,0,0$0,0,0,0
106,4080,1,0$0,0,0,0,0,0,0,0,0,0$2,0.35345745,0.5181265,1,0,0,0,0,0,0,0,0,0,0.34786743,0.6697863,1,0,0,0,0,0,0,0,0,0,0,0,0,3,0$0,0,0,0
107,5735,1,0$0,0,0,0,0,0,0,0,0,0$3,0.31991732,0.8153796,1,1,1,1,0,0,0,0,0,0,0.30128387,0.6849522,1,1,1,1,0,0,0,0,0,0,0.31991732,0.5514916,1,1,1,0,0,0,0,0,0,0,0,12,0,0,0$0,0,0,0
108,4048,1,0$1,0,0,1,0,0,0,0,1,0$1,0.6534556,0.11774482,1,0,0,0,0,0,1,1,1,0,1,0.049732607,0.49082774,0,1,1,1,0,0,0,1,0,0,0$0,0,0,0
109,4613,1,0$1,0,0,0,0,0,0,0,0,0$1,0.655319,0.38163275,1,1,1,1,1,0,0,0,0,0,1,0.036689244,0.49082774,1,1,0,0,0,0,0,0,0,9,0$0,0,0,0
110,4613,1,0$1,0,2,0,0,1,1,1,0,0$3,0.62736875,0.5241929,1,1,1,1,1,1,1,6,1,0,0.62550545,0.3998319,1,1,1,1,1,1,1,6,0,0,0.6180521,0.28457052,1,1,1,1,1,1,1,6,0,0,0,17,0,0,0$0,0,0,0
111,5407,1,0$1,0,0,0,0,0,0,0,0,0$2,0.29383048,0.8002136,1,1,1,0,0,0,1,0,0,0,0.31991732,0.70315135,1,1,1,0,0,0,1,3,1,0,0,0,0,6,0$0,0,0,0
112,3193,1,0$1,0,1,2,0,0,0,0,1,0$1,0.64600223,0.19357467,1,1,1,1,0,0,0,0,0,0,0,0,0,0,0$0,0,0,0
113,120,1,0$1,0,0,0,0,0,0,0,0,0$3,0.6348222,0.25423855,0,0,0,1,1,1,1,6,1,0,0.6366855,0.37859955,0,0,0,1,1,1,1,6,1,0,0.6236421,0.46656218,0,0,0,0,0,0,1,3,1,0,0,6,0,0,0$0,0,0,0
114,176,1,0$1,2,0,0,0,1,1,0,0,0$0,1,0.023645828,0.448363,1,1,0,0,0,0,0,0,0,0,0$0,0,0,0
115,4143,1,0$1,0,0,1,0,0,0,0,1,0$1,0.6422756,0.14807676,1,1,1,1,1,1,1,6,1,0,0,0,0,6,0$0,0,0,0
116,230,1,0$1,0,1,0,0,0,0,0,0,0$2,0.6385489,0.39376554,0,0,0,0,0,0,1,5,0,0,0.64600223,0.52722603,1,1,1,0,0,0,0,0,0,0,1,0.02923584,0.5181265,1,1,1,0,0,0,0,0,0,3,0$0,0,0,0
117,5603,1,0$0,0,0,0,0,0,0,0,0,0$1,0.3460041,0.52722603,1,1,0,0,0,0,0,0,0,0,0,0,0,5,0$0,0,0,0
118,900,1,0$0,0,0,0,0,0,0,0,0,0$1,0.6683623,0.47262856,0,0,0,0,0,0,1,3,1,0,0,0,1,0,0$0,0,0,0
119,2594,1,0$1,0,0,0,0,0,0,0,0,0$3,0.65904564,0.15717633,1,1,1,0,0,0,1,0,0,0,0.6646356,0.25423855,1,1,0,0,0,0,0,0,0,0,0.34786743,0.5605912,1,1,0,0,0,0,0,0,0,1,0,0,0,8,0$0,0,0,0
120,3663,1,0$0,0,0,0,0,0,0,0,0,0$2,0.655319,0.15414317,1,1,1,1,1,1,1,0,1,0,0.6534556,0.25423855,1,1,1,1,1,1,1,0,1,0,0,12,2,0,0$0,0,0,0
121,176,1,0$1,0,0,0,0,0,0,0,1,0$1,0.3571841,0.8730102,0,0,0,0,0,0,1,3,1,0,1,0.021782491,0.4999273,0,1,1,1,0,0,0,0,0,0,0$0,0,0,0
122,271,1,0$0,0,0,0,0,0,0,0,0,0$2,0.6571823,0.19054146,1,1,1,1,1,0,1,0,1,0,0.6534556,0.08134648,1,1,0,0,0,0,0,0,0,0,0,8,0,0,0$0,0,0,0
123,271,1,0$0,0,0,0,0,0,0,0,0,0$1,0.34786743,0.53632563,1,1,1,1,1,0,1,0,1,0,0,0,1,7,0$0,0,0,0
124,2046,1,0$0,0,0,0,0,0,0,0,0,0$2,0.6348222,0.18144189,1,1,1,1,1,1,1,0,0,0,0.66277236,0.26637134,1,1,1,1,0,0,0,0,0,0,0,10,1,0,0$0,0,0,0
125,1156,1,0$1,0,1,0,0,0,0,0,1,0$2,0.6683623,0.28153732,1,1,1,1,1,0,1,0,0,0,0.655319,0.114711635,1,1,1,1,0,0,1,0,0,0,0,1,0,9,0$0,0,0,0
126,4450,1,0$0,0,0,0,0,0,0,0,0,0$2,0.64600223,0.20874065,1,1,1,1,1,0,1,0,1,0,0.64786553,0.36343357,1,1,1,0,0,0,1,0,1,0,0,8,2,0,0$0,0,0,0
127,4073,1,0$1,0,0,0,0,0,0,0,1,0$2,0.34414074,0.57879037,1,0,0,0,0,0,0,0,0,0,0.3255073,0.48476133,1,0,0,0,0,0,0,0,0,0,1,0.05718601,0.5241929,1,1,0,0,0,0,0,0,0,4,0$0,0,0,0
